50 100
1 3 16 -81 -130
1 4 34 -57 17
1 6 8 -9 40
1 7 14 -61 127
1 8 22 -122 176
1 9 50 -48 -154
1 10 31 18 134
1 15 10 20 174
1 17 32 30 -55
1 20 6 114 -158
1 24 7 179 -109
1 25 27 -64 112
1 26 13 -113 89
1 29 18 -150 181
1 32 41 123 72
1 33 48 113 180
1 35 5 -10 172
1 37 28 -125 144
1 38 49 -12 -68
1 39 15 8 -127
1 40 33 -67 110
1 42 3 -25 24
1 44 11 92 -86
1 45 17 23 135
1 46 42 -172 21
1 48 38 -191 196
1 49 23 -51 18
1 50 1 87 -44
1 52 37 47 -74
1 53 19 15 -40
1 60 25 -197 9
1 63 12 -83 -90
1 65 47 190 -104
1 67 9 18 120
1 69 35 -196 -169
1 72 21 136 -5
1 74 46 -138 150
1 75 29 -67 -178
1 77 36 -24 37
1 79 43 172 -20
1 81 30 -71 29
1 82 44 -49 12
1 85 26 -103 -159
1 86 20 191 -42
1 88 24 60 -167
1 91 40 -176 -9
1 92 45 191 88
1 94 2 -121 -66
1 98 4 111 -2
1 99 39 -158 187
2 100 49 13
2 101 33 32
2 103 47 49
1 106 26 6 95
2 115 34 10
2 116 33 46
2 117 25 4
2 118 48 43
2 120 26 6
1 121 13 -57 141
2 122 46 27
2 123 36 15
2 125 18 4
2 129 27 47
1 130 46 -125 -134
1 134 5 40 28
2 137 17 17
2 141 21 24
2 144 2 23
2 146 35 39
1 149 32 -79 170
1 150 16 -38 187
2 151 17 10
1 152 25 -192 71
2 153 49 14
2 154 27 27
2 157 42 42
1 158 35 68 -47
2 160 39 8
2 161 13 13
2 163 42 49
2 165 17 2
2 167 50 46
1 169 29 62 -43
2 171 22 48
1 172 28 -94 -92
2 176 36 18
1 177 16 -164 -91
2 179 27 6
2 184 25 12
1 185 2 48 128
2 186 43 19
2 187 9 11
2 190 4 2
1 192 50 46 -181
2 195 25 14
1 196 14 135 188
2 197 22 27
2 198 8 27
2 199 49 43
