1000
89 80 24
88 93 40
10 38 38
79 13 6
18 28 91
8 61 3
1 69 27
49 35 2
61 11 97
72 73 82
67 14 93
35 55 63
100 63 3
4 1 83
45 83 96
23 58 58
35 22 38
22 42 25
67 73 45
2 21 41
31 10 68
44 71 96
81 79 13
1 12 64
13 94 70
76 23 47
25 47 39
19 23 85
38 13 28
49 79 11
20 41 6
69 18 21
76 9 32
0 55 55
80 46 30
84 58 56
33 70 76
10 55 27
50 22 86
1 87 71
82 55 91
31 11 98
71 81 41
25 25 97
19 78 93
37 33 18
91 22 82
96 67 6
25 23 43
93 79 38
12 71 89
75 52 73
84 79 64
64 88 26
28 89 30
34 92 25
50 65 61
7 84 22
82 87 30
91 2 12
84 90 42
31 83 25
98 38 32
43 44 59
57 58 89
99 97 98
56 65 95
95 53 33
33 36 11
11 99 92
76 45 72
3 53 40
83 25 47
44 5 97
72 36 27
38 87 35
90 16 86
53 85 73
76 10 62
22 15 99
86 92 88
2 36 39
99 10 38
37 17 62
75 97 39
17 78 67
71 86 34
38 92 85
1 87 21
23 89 93
95 44 79
12 33 57
100 91 42
74 92 31
11 5 82
65 46 89
18 13 17
48 69 67
93 73 87
89 8 11
87 37 36
26 2 42
19 13 36
11 78 3
13 47 81
15 19 12
73 100 14
20 73 83
23 35 44
77 75 53
14 98 61
6 10 20
43 81 99
85 55 91
61 12 61
66 96 69
82 28 71
19 90 69
46 60 87
12 72 15
91 24 30
7 56 41
67 53 15
92 33 47
64 76 28
35 16 42
46 26 68
100 70 91
64 38 29
51 36 99
83 62 4
73 32 97
27 63 72
98 39 27
46 100 56
15 48 19
22 89 58
76 47 70
82 2 69
50 20 90
28 75 45
70 59 36
38 68 94
91 65 22
5 77 3
77 97 48
52 90 42
12 59 63
7 95 21
30 17 52
37 2 41
34 85 73
63 73 6
100 84 31
60 98 27
54 70 59
66 92 12
59 78 24
49 86 5
75 33 74
78 12 26
57 53 73
47 74 14
49 60 88
60 5 38
96 46 9
61 29 41
17 31 57
54 53 91
79 37 2
81 16 88
36 67 58
61 58 61
6 27 73
91 35 47
7 34 65
65 34 26
36 98 30
72 21 28
5 85 97
0 20 25
65 39 45
87 63 13
31 40 41
89 21 73
82 86 16
33 60 68
100 66 7
98 69 74
2 96 76
17 37 79
32 81 7
28 58 46
62 48 83
55 71 46
13 17 1
19 67 40
94 73 33
45 4 63
63 75 34
15 14 85
15 72 4
48 64 69
70 70 72
61 88 67
100 68 14
91 96 80
39 72 57
100 89 96
83 12 56
16 39 79
41 48 10
83 45 78
46 54 18
67 95 83
97 81 53
92 3 36
35 97 48
12 55 55
14 78 60
61 87 41
47 68 48
98 6 75
69 91 72
8 58 1
27 81 7
87 15 84
34 59 57
100 84 72
48 16 37
48 19 14
10 5 43
53 61 85
46 71 15
53 92 12
95 20 58
77 46 25
41 62 75
10 67 92
0 32 79
51 57 31
21 6 39
81 38 43
59 46 2
37 56 98
46 74 16
86 7 52
41 97 68
12 9 17
43 47 33
20 56 69
75 68 11
74 35 91
37 59 59
10 87 38
38 86 11
61 38 36
52 44 12
63 42 23
74 35 78
95 24 55
13 62 69
25 85 66
13 69 20
70 93 6
91 63 85
17 69 21
57 87 8
73 94 6
5 36 8
53 46 81
1 52 5
28 44 77
38 15 17
84 71 12
65 81 74
54 72 3
24 24 77
29 35 24
69 26 21
65 77 35
19 7 99
77 89 75
9 77 77
53 89 74
6 23 99
78 84 95
23 100 5
90 76 61
42 58 87
61 18 70
36 64 15
53 48 96
66 30 100
7 21 17
0 10 42
75 12 4
87 66 72
94 11 37
79 88 11
14 36 81
26 54 1
26 20 90
15 29 66
17 42 4
62 18 5
74 24 4
68 85 59
38 55 3
22 61 99
60 100 78
75 53 41
37 77 96
55 65 61
24 89 95
79 8 72
14 46 40
54 8 62
47 66 45
34 68 35
64 81 11
19 77 96
47 92 81
95 29 87
77 83 58
57 98 14
96 55 72
74 27 60
20 46 39
34 38 11
20 11 46
16 88 96
20 98 70
78 21 43
85 7 21
65 48 46
78 53 78
55 32 37
11 97 8
94 75 65
37 29 63
33 84 61
21 28 21
7 13 96
15 87 67
97 10 17
97 76 47
95 11 94
18 57 73
93 8 68
34 92 69
78 22 46
60 86 100
7 68 97
74 86 76
10 36 76
8 47 90
28 13 37
99 99 99
42 93 63
36 61 83
73 7 6
67 94 53
17 2 33
18 18 95
54 93 10
42 4 54
74 98 45
52 91 16
39 39 55
97 82 93
23 79 47
1 45 6
85 13 84
18 75 3
20 2 14
33 55 85
86 22 44
7 84 93
88 98 54
44 35 57
38 13 25
76 5 76
13 64 42
63 74 95
56 56 52
39 94 64
45 54 78
90 24 63
52 58 41
78 12 41
93 62 100
34 64 3
43 89 76
29 94 95
60 52 78
3 75 98
87 40 57
75 46 17
2 59 23
94 20 21
82 19 81
72 83 63
61 11 61
89 11 13
10 34 81
26 63 84
67 45 84
31 32 20
91 47 20
42 62 90
17 79 13
55 12 25
6 54 76
52 71 98
0 30 70
2 86 38
27 97 67
52 27 39
60 68 69
96 97 9
30 94 18
8 64 34
71 59 9
73 29 39
10 34 82
55 68 37
56 57 34
6 97 77
97 69 86
67 3 26
15 40 98
48 55 54
82 42 37
29 42 62
76 58 19
84 79 77
31 20 6
17 89 70
83 53 23
89 37 94
6 74 32
92 38 94
0 68 90
84 38 75
42 33 100
98 23 27
82 98 10
44 60 67
93 28 75
67 43 20
17 43 82
17 8 18
31 9 91
99 35 58
32 77 66
58 27 76
83 88 33
92 40 17
80 65 25
23 7 3
55 98 32
60 4 61
52 68 7
8 31 78
90 22 23
12 72 83
56 35 42
90 47 68
33 61 4
72 17 12
52 23 15
97 24 78
3 8 88
67 68 52
90 37 82
5 21 40
8 7 32
91 83 54
17 24 45
55 71 19
0 54 4
5 95 26
94 53 82
96 2 72
5 20 37
75 2 67
22 95 30
3 98 22
65 77 89
84 30 23
15 12 1
87 20 40
9 72 95
94 62 11
32 43 54
67 54 42
94 29 61
20 39 43
68 88 5
25 55 35
61 6 25
93 21 57
39 81 80
8 44 91
67 7 97
24 8 15
50 91 58
17 52 13
73 6 68
55 77 36
53 28 74
4 92 13
67 58 20
94 29 22
69 25 52
34 21 80
10 33 21
31 57 62
99 95 91
94 6 97
4 47 5
47 85 3
10 32 14
38 2 57
2 35 88
40 87 59
33 69 55
20 28 98
31 9 97
28 62 38
47 71 80
54 84 33
98 41 60
75 55 81
33 58 9
23 70 19
37 13 100
90 69 64
68 45 5
8 34 45
56 91 37
89 99 82
92 67 54
49 18 95
95 23 15
99 92 60
42 13 34
79 87 63
34 5 87
6 36 66
80 70 89
33 35 34
52 27 3
97 10 91
35 87 31
30 64 56
74 77 38
87 78 17
96 80 66
84 32 46
47 12 95
6 90 7
80 53 38
55 48 15
19 80 12
98 13 29
56 80 4
10 72 100
18 75 8
58 20 22
9 3 8
77 67 94
25 63 58
37 54 52
23 74 80
39 12 84
100 35 40
15 74 4
26 7 46
37 26 33
1 23 28
79 69 11
0 27 62
96 23 79
82 65 54
71 28 4
99 92 73
17 63 22
50 36 93
67 43 16
28 37 95
6 57 10
3 66 73
13 9 61
100 31 11
88 5 55
22 21 46
96 23 25
70 57 74
81 40 43
41 9 44
16 81 80
59 8 29
100 6 94
84 40 70
25 24 95
90 70 34
48 39 20
35 43 32
48 21 33
75 18 15
100 87 47
55 2 71
4 47 1
12 24 3
27 23 72
59 19 85
53 97 9
9 70 2
50 66 61
51 66 33
6 45 79
51 72 5
38 100 15
60 2 68
40 9 35
0 53 42
23 66 83
58 58 81
66 90 100
69 74 98
53 66 72
22 88 73
38 91 22
71 76 48
99 61 22
82 56 91
13 63 44
50 45 96
15 73 20
4 25 17
21 1 14
53 90 67
64 85 30
44 95 98
36 93 63
57 75 37
98 80 87
91 54 60
4 11 83
43 48 99
33 20 79
35 73 75
93 91 57
41 67 73
7 62 58
82 35 76
79 29 41
81 64 71
81 38 96
100 31 47
100 45 18
81 69 83
11 99 88
99 41 62
45 58 33
62 46 8
78 13 34
39 62 100
57 61 15
58 36 22
81 14 29
56 61 7
16 66 92
29 90 66
7 83 47
47 8 15
24 57 38
54 69 77
100 28 10
31 3 8
42 93 80
33 39 73
83 77 15
77 41 62
10 28 72
98 85 64
36 41 40
67 10 77
98 31 67
32 27 27
14 81 78
69 96 28
49 48 55
62 24 38
17 6 40
47 32 85
23 8 13
86 75 33
98 100 65
41 5 75
78 71 68
51 7 31
80 78 67
49 37 81
85 93 63
82 89 7
94 41 86
27 39 58
24 100 35
73 79 96
83 56 97
4 90 64
16 10 4
85 67 94
96 31 25
43 58 83
36 98 27
8 20 80
75 9 23
75 31 59
81 13 32
16 54 82
79 6 20
50 82 26
93 68 55
38 96 19
11 10 80
37 87 8
77 28 9
29 25 59
12 8 16
14 33 90
44 27 57
73 94 45
30 5 25
5 66 37
35 35 60
24 29 11
96 28 17
54 28 31
32 10 75
28 81 52
38 31 43
87 47 83
82 20 52
5 34 58
55 3 20
23 65 87
44 7 12
65 83 43
83 41 63
42 91 58
67 83 21
84 98 55
13 28 46
84 95 42
86 23 47
71 87 7
80 2 41
33 29 79
34 72 75
11 60 98
73 41 26
56 83 72
19 87 86
80 22 42
66 69 9
86 41 9
77 65 16
46 38 10
25 61 69
24 98 37
19 95 1
72 9 77
85 73 67
100 97 2
79 6 30
14 72 37
29 75 87
88 17 98
59 30 79
27 6 1
32 96 39
12 65 66
22 84 76
56 30 6
13 99 9
53 80 34
95 11 94
100 91 95
5 77 17
31 37 19
55 94 27
99 13 4
91 41 56
25 74 22
46 25 23
100 64 45
87 63 16
7 38 80
96 100 18
82 94 57
36 22 35
34 10 100
4 86 31
98 4 46
29 81 85
80 60 28
88 56 9
80 5 56
81 58 33
88 27 3
19 61 77
28 16 5
41 85 26
13 55 55
73 81 29
93 37 34
4 64 60
21 66 14
82 32 14
17 53 33
33 56 65
29 37 5
97 18 34
42 12 84
70 35 40
97 40 45
79 4 33
62 90 75
95 85 81
72 68 30
14 65 87
8 3 76
93 54 6
68 23 92
79 40 83
19 54 59
34 44 71
3 19 75
12 83 57
17 46 54
60 81 83
17 36 76
75 30 25
47 27 8
75 63 74
75 56 53
2 32 95
8 87 8
22 54 16
4 8 40
23 21 97
45 94 28
9 67 98
54 18 72
56 6 32
17 17 24
67 5 11
61 89 91
70 88 73
51 61 55
50 95 41
91 10 57
70 100 38
16 5 23
69 77 100
83 15 78
82 47 46
43 86 20
4 95 82
38 8 35
53 22 1
91 74 34
13 46 10
21 57 20
33 17 14
49 47 74
38 4 40
49 32 95
57 76 70
58 85 42
89 80 48
31 9 89
23 7 39
81 8 37
90 48 65
46 100 80
99 58 92
28 95 98
61 95 87
12 88 91
52 10 20
1 94 5
16 66 96
38 36 53
79 26 26
25 60 20
2 98 62
85 74 65
88 58 41
100 1 1
5 5 86
69 39 59
63 43 23
97 83 99
70 67 75
46 59 25
93 5 46
6 74 68
79 20 6
18 89 10
34 44 91
35 29 87
29 23 13
28 100 1
44 4 23
12 39 71
9 76 39
4 45 66
14 60 30
22 41 17
16 58 42
5 47 66
23 36 86
47 88 38
79 74 13
34 99 40
84 63 23
7 52 33
73 4 82
25 54 15
59 60 85
23 7 57
1 55 20
39 43 22
87 22 56
100 89 79
63 4 15
13 98 74
59 75 48
70 87 37
9 78 90
55 80 45
57 76 73
63 97 5
58 16 65
87 57 12
7 29 86
60 29 94
73 91 41
38 4 1
14 89 2
88 7 40
67 89 59
29 2 60
83 81 21
61 55 7
86 54 55
35 71 80
73 43 35
33 12 86
37 87 64
35 57 4
32 15 55
88 76 98
43 54 4
57 41 42
100 89 76
24 64 84
77 21 90
68 47 78
40 67 34
42 65 78
16 79 40
5 42 25
45 38 11
42 8 52
6 12 13
25 18 17
16 53 10
70 91 100
26 26 94
19 38 41
90 14 81
25 12 74
80 15 95
6 56 93
41 98 74
1 90 31
100 17 30
91 2 11
100 55 38
84 79 48
65 18 82
2 57 53
57 66 7
13 15 91
