100
69395
49558
76941
4645
26568
26484
23582
92953
13547
65558
38757
68933
26944
53195
62311
9885
15337
69796
92989
32245
62439
61705
39015
60805
95214
83475
23720
7922
79695
82897
48533
49090
32454
41825
70086
75373
68308
10019
68325
98206
91928
23434
83491
35224
76628
45801
45108
8317
15596
38096
56913
78034
16152
12279
55190
11365
12106
78909
19286
91800
78157
84170
57241
26962
25995
43679
2334
94302
70049
87011
8860
61977
26796
92350
13552
19775
54502
58659
28091
70097
13106
1356
64482
29257
13634
36024
56973
25739
31284
76259
33891
9441
60428
91131
52754
86422
51161
71440
97076
21210
58450
