30 61
16 18 x
4 27 x
17 6 49
4 27 47
15 29 46
29 12 50
27 2 x
13 1 49
17 6 x
2 7 x
3 8 x
2 27 x
24 13 48
14 3 x
24 13 x
6 30 49
6 30 x
11 25 x
19 17 50
5 4 x
8 19 47
26 23 48
21 22 48
18 21 48
3 8 48
23 28 48
22 11 48
12 26 46
1 14 50
25 20 x
9 24 x
9 24 45
15 29 x
14 3 48
5 4 47
10 5 x
1 14 x
22 11 x
27 2 49
29 12 x
8 19 x
28 16 x
11 25 47
21 22 x
18 21 x
30 15 x
2 7 50
20 10 45
10 5 49
20 10 x
16 18 47
25 20 47
19 17 x
12 26 x
23 28 x
7 9 50
26 23 x
30 15 47
28 16 46
13 1 x
7 9 x
10
9 20
27 4
20 21
14 21
17 14
27 2
2 5
7 10
4 27
2 27
