30 156
25 22 x
25 14 44
28 24 46
22 17 46
27 28 41
9 17 46
9 28 49
3 14 x
23 22 x
29 12 45
19 25 42
20 30 47
30 2 43
3 6 46
16 5 41
20 27 40
21 13 46
8 15 48
11 3 40
25 4 x
14 21 48
23 30 42
16 11 46
9 29 41
28 12 48
1 7 48
30 29 40
4 21 x
2 27 x
24 19 40
1 10 40
27 13 42
23 21 42
19 7 44
22 2 41
11 7 46
13 8 x
2 26 x
29 16 48
24 15 48
4 9 40
11 25 49
21 28 44
17 16 47
18 20 41
2 12 47
30 17 49
15 7 40
26 5 48
16 1 43
6 27 47
5 25 46
14 22 x
29 8 43
11 10 46
15 25 x
21 2 x
6 9 47
26 19 44
3 4 x
22 29 x
23 9 42
19 10 43
13 16 47
27 2 44
19 3 x
7 14 45
15 18 x
13 26 43
17 24 42
5 3 x
1 18 42
30 13 48
10 4 46
30 3 x
14 27 47
13 12 41
21 29 43
10 14 43
1 17 25
10 6 45
7 4 48
20 9 43
15 3 49
28 8 44
4 30 47
17 8 48
22 28 x
20 21 x
30 28 46
29 24 48
25 6 45
17 12 47
3 20 48
7 20 x
20 22 41
17 26 49
29 26 47
7 23 49
16 19 48
9 2 49
3 23 46
28 16 x
12 5 45
11 18 44
6 21 47
15 10 41
16 15 45
26 15 49
25 23 49
18 23 43
8 5 46
5 18 43
5 10 44
12 15 x
6 30 48
23 27 48
27 17 46
9 13 42
2 16 44
18 6 49
7 6 45
18 4 x
18 14 x
2 8 x
1 25 42
12 1 45
21 17 49
12 11 x
1 3 45
12 19 x
8 11 48
2 24 x
25 20 x
8 1 49
24 5 49
4 27 43
4 22 45
26 11 41
14 9 45
13 24 40
6 22 43
26 1 40
24 11 40
14 30 40
10 23 46
27 29 45
4 25 x
26 5 x
22 13 42
28 26 x
24 1 x
10 20 x
8 19 42
5 7 41
19 18 40
10
8 16
18 14
13 11
22 16
8 25
29 4
6 12
8 13
17 6
15 11
