30 300
20 19 19
2 5 37
16 3 47
18 13 50
29 26 46
20 11 48
29 21 48
7 9 32
30 24 49
20 17 49
5 3 50
16 1 49
17 14 49
5 29 50
1 13 50
25 8 x
1 28 37
14 5 49
4 2 44
15 28 48
2 27 50
6 15 50
30 13 47
2 11 48
9 1 43
9 19 x
22 1 50
14 27 49
28 20 39
8 3 50
12 26 49
26 20 45
25 4 31
27 26 x
11 15 37
8 22 44
5 3 50
26 23 50
26 18 43
13 21 50
23 10 24
2 25 49
5 30 48
5 20 x
29 28 17
16 30 27
25 28 23
25 12 49
6 9 48
3 4 42
29 3 36
1 15 x
18 19 11
12 25 36
8 4 47
20 4 35
20 3 x
26 23 46
8 24 45
5 9 49
30 6 42
26 4 x
3 21 50
14 10 50
23 27 32
1 11 49
3 4 47
22 28 49
19 12 47
15 16 50
2 10 50
7 1 x
21 14 8
13 16 50
3 23 47
25 14 41
9 15 40
12 5 50
16 12 49
22 9 45
13 10 47
1 16 36
21 20 x
6 8 50
5 19 34
4 11 40
5 6 49
25 18 47
19 2 47
10 19 49
11 30 x
22 8 45
30 21 50
7 6 6
25 12 40
22 13 49
25 1 x
7 12 50
26 21 48
17 21 45
16 25 45
24 20 47
19 15 35
26 30 50
15 2 x
28 24 35
22 7 49
4 5 40
13 19 x
14 30 41
9 15 28
11 29 49
30 21 32
3 19 49
16 29 50
7 4 49
13 1 50
18 24 50
16 10 44
29 11 50
15 14 47
2 14 50
21 13 49
13 20 14
18 29 49
29 25 47
4 8 44
3 29 x
27 23 49
17 4 47
6 30 50
29 19 48
29 2 50
30 13 46
17 12 5
15 10 33
21 26 47
23 25 47
22 9 49
3 10 50
27 30 49
14 4 47
21 11 42
22 9 33
1 23 x
25 4 x
1 17 23
19 30 35
11 14 49
25 3 17
19 16 38
20 6 49
5 27 40
24 30 x
25 23 49
18 1 44
16 4 41
27 9 50
22 25 35
28 22 41
8 6 50
3 28 50
27 22 38
17 7 45
10 13 46
22 9 30
23 10 48
30 21 x
23 8 39
4 13 49
20 28 48
17 2 48
17 3 46
24 2 48
10 11 49
19 28 36
9 5 44
13 8 49
24 5 48
3 6 45
24 30 33
18 28 44
5 20 50
29 15 46
6 14 43
19 9 49
16 18 50
20 18 x
10 14 45
27 18 48
25 13 48
7 19 50
29 23 x
2 4 50
25 16 49
11 6 45
19 18 50
7 22 50
21 6 16
24 25 44
23 13 x
19 6 45
23 19 42
21 20 42
19 10 50
11 7 36
9 23 45
3 20 47
27 8 46
22 24 40
11 16 50
26 8 45
28 15 50
24 6 41
22 28 x
15 24 50
19 10 45
13 9 48
29 30 35
29 6 39
8 13 31
19 28 x
2 6 45
21 2 49
26 28 43
22 30 35
4 10 39
30 25 42
8 28 49
25 7 19
21 30 46
1 3 46
21 23 49
5 23 50
2 1 49
20 17 49
10 6 x
9 16 48
22 19 50
15 21 50
21 1 45
10 26 39
15 29 46
15 24 48
24 2 48
30 2 45
10 8 x
11 10 26
4 15 49
27 17 49
4 14 50
25 3 50
7 18 44
7 2 37
10 18 49
30 23 50
12 21 33
28 30 48
15 1 47
23 19 48
16 15 47
16 25 50
18 30 50
1 25 48
21 9 36
28 16 50
12 5 48
26 9 33
16 3 50
25 8 47
24 13 47
19 24 50
26 14 43
22 7 49
30 25 50
21 13 28
10 8 46
25 15 15
4 16 32
14 6 49
4 13 50
8 14 50
27 19 50
21 24 50
26 7 39
19 14 46
20 2 42
14 4 33
22 1 40
7 23 x
8 10 47
5 30 24
27 1 43
25 5 38
14 27 x
20 23 40
18 6 35
5 21 49
24 16 37
26 27 50
10
5 28
24 17
26 14
20 30
8 21
27 15
20 7
21 25
8 27
7 1
