333 3333
307 105 496767
153 287 946025
82 245 963021
44 249 702532
168 13 871308
130 193 829733
150 194 x
46 245 993128
283 290 803379
145 260 370442
232 268 540396
76 324 x
66 247 255332
56 198 869600
13 55 857926
54 68 845339
19 145 887784
307 115 934708
116 4 995724
330 29 995138
99 322 736043
252 298 737904
248 131 954874
165 289 x
108 157 448043
250 79 708499
82 193 165435
149 316 213379
48 172 762741
130 189 834042
38 182 805165
297 37 262771
177 159 996911
311 76 994953
309 50 957695
110 256 824538
308 50 919889
2 75 657035
110 265 238920
179 103 853218
201 9 937608
98 268 332954
35 325 841574
131 163 875787
85 110 950248
79 134 606224
263 281 287273
272 148 871003
44 299 830273
80 74 571836
261 2 340126
279 332 890461
241 56 509360
287 96 382395
264 201 739145
31 110 874105
1 204 927297
106 116 509289
328 148 354989
288 100 952856
302 113 696619
166 173 x
27 28 907362
199 195 x
272 123 844638
92 223 754838
311 103 456169
134 57 911863
35 97 899161
178 263 990267
234 284 941479
247 20 887013
224 162 x
6 169 864154
240 315 866696
243 105 845829
211 153 906627
85 75 942109
190 295 x
239 6 656694
62 75 861127
87 134 706126
4 306 818672
106 256 553924
248 62 860640
105 110 527480
180 256 502776
296 255 589212
105 122 864069
183 281 854022
63 197 971225
211 321 517800
318 211 975363
94 204 868043
88 63 925217
325 125 721578
184 278 733525
166 33 x
67 49 563285
43 138 744072
143 313 631867
269 66 666267
205 100 554390
176 135 955959
227 115 671102
76 186 452419
324 126 262646
331 230 x
325 172 958754
116 51 955779
44 41 x
161 165 734643
263 201 x
72 66 x
20 221 662313
228 200 x
245 63 562712
176 167 607673
143 255 x
266 113 928480
96 251 x
276 302 884383
189 327 520968
54 156 501024
54 139 647769
104 177 x
103 62 x
247 290 948608
235 71 409894
317 144 619605
237 83 781855
178 66 950920
333 91 379620
235 172 987786
38 177 930549
177 147 887083
145 175 464147
10 294 977163
283 32 861506
56 326 710757
114 71 895322
163 196 762249
168 118 716720
233 178 314581
133 15 441799
197 191 948614
260 37 x
140 225 776622
142 177 944220
114 202 133474
263 128 600497
317 74 372044
189 241 609070
157 177 x
42 184 744665
142 21 534861
191 38 499153
279 159 953363
49 269 x
116 152 734744
188 279 951740
82 136 846505
272 233 624865
108 88 773607
132 156 915715
22 45 996583
202 34 956569
70 329 x
8 41 860708
330 55 597775
16 73 863394
62 263 881967
17 290 840210
144 141 868975
38 36 585780
162 20 986095
212 161 384551
81 179 819232
314 9 249039
161 210 364400
99 201 943436
236 65 289509
41 208 783255
147 41 825431
245 184 941621
45 172 492579
23 62 970795
207 235 996381
151 275 921769
241 208 995400
268 113 871377
76 161 267604
186 312 773366
82 178 998398
64 186 907453
22 136 x
17 62 572531
2 218 572682
18 253 x
42 262 304250
259 276 x
144 78 965625
137 320 383545
35 290 456533
282 159 964872
101 112 x
37 102 883533
114 221 708620
49 235 493657
308 243 961968
146 15 661733
2 220 876934
287 162 999800
1 259 800439
133 304 866239
61 310 987649
122 50 785957
276 15 700439
312 63 958147
288 217 591431
204 260 633932
57 1 551683
235 329 994153
57 162 881792
151 223 x
141 166 982426
191 237 871318
160 39 439786
3 87 348282
251 39 844472
117 32 939649
125 38 x
146 69 477063
316 300 836743
23 333 x
331 293 952901
268 193 601825
37 287 334397
131 218 874678
328 293 828440
161 1 986345
72 11 934636
86 71 594510
289 143 556809
281 61 668960
127 62 495918
235 67 793245
44 174 948664
321 193 624887
203 115 994442
255 16 972663
172 93 x
75 12 x
50 30 760633
78 168 876413
139 9 x
183 235 712947
202 302 325959
307 121 728168
69 62 859295
250 285 220988
33 79 728104
9 183 822472
251 186 466067
253 19 822160
254 120 432811
63 88 789972
31 107 572436
224 109 x
171 220 957003
313 69 941903
198 331 838748
174 10 x
167 253 x
190 263 x
177 186 730295
302 326 x
315 320 658469
111 104 803356
217 226 965324
324 48 889274
26 267 804112
129 27 763653
162 258 877058
38 278 x
126 17 922859
110 122 994444
60 84 678920
314 105 856561
35 137 982247
287 33 916429
142 257 984525
107 277 282023
243 140 x
148 50 715367
2 193 856422
215 99 972910
279 313 939884
269 154 637762
28 143 492687
14 211 794950
111 133 906887
3 265 996640
112 58 192853
175 233 971074
261 311 924286
27 279 572929
305 230 655097
66 26 659998
258 76 734170
212 75 315154
76 333 x
102 276 862388
53 87 672639
42 59 898983
71 95 997554
5 320 972822
257 11 998767
308 106 994744
291 65 x
134 248 138716
244 25 578361
121 327 868831
98 54 311482
204 214 766720
50 311 917946
228 128 883417
197 17 812699
232 12 366775
233 43 352278
140 323 924669
124 262 581082
10 87 885805
72 68 681070
205 43 535795
258 113 864023
254 138 599027
36 79 943007
75 188 648690
52 288 741340
43 233 500265
155 14 954212
294 91 815760
235 275 950331
60 114 470768
17 186 673362
204 157 761271
169 268 387317
256 321 992413
271 142 904211
19 236 992220
39 302 617601
68 38 806998
328 90 518618
187 328 609321
67 163 598426
142 43 766520
24 16 804354
274 300 773768
329 115 712821
112 15 289812
130 313 769829
322 282 991262
51 43 883432
135 124 211551
30 163 x
139 3 956263
194 71 683866
97 130 986297
282 202 820131
130 246 882967
55 14 642755
327 163 777748
86 11 809037
307 278 884318
309 299 791056
138 153 346682
309 68 x
20 287 992995
149 329 789526
250 174 601986
113 165 866293
33 228 697702
240 247 858228
206 20 716140
126 251 978763
225 203 270278
194 98 743841
326 183 578678
289 303 291692
50 326 398444
109 211 868870
311 171 932737
159 155 770840
96 240 552720
229 204 215570
208 207 895145
277 194 963289
71 313 915075
299 215 832734
207 191 794093
93 99 832211
52 64 x
211 90 810083
32 119 977064
188 155 598773
332 34 805787
108 165 475844
167 75 767941
291 65 335040
97 72 454533
274 296 x
181 285 668775
12 95 776393
259 249 x
72 199 716448
204 221 626978
284 119 696852
197 261 576875
265 219 533226
3 190 418397
62 34 989086
280 332 767544
253 219 x
307 20 784496
307 47 967217
95 84 352523
275 133 966114
42 85 434615
141 192 744205
171 260 980101
323 106 982570
88 190 859614
18 204 378151
58 262 594115
197 82 339044
111 2 788062
220 182 875852
309 15 544824
163 271 153493
224 53 787177
80 324 315175
151 202 945722
54 103 336784
164 227 893070
83 3 884678
17 72 358655
13 110 927916
302 276 878713
75 187 419683
190 128 847002
185 304 810908
131 75 908496
216 195 892530
238 194 683392
233 141 416951
20 68 x
257 81 487810
260 158 792565
127 48 714375
241 125 993095
136 138 991347
152 264 581125
293 3 826884
181 189 626324
255 128 483371
209 196 911497
311 129 869488
50 61 724058
328 258 767666
283 99 928033
207 223 550734
269 100 915287
36 35 651633
1 104 999445
92 143 x
148 172 610429
272 23 440593
162 287 744822
160 161 x
193 237 536966
194 48 981684
28 204 685037
23 281 914971
23 19 886675
21 257 836402
42 105 989792
35 91 826466
81 68 556518
134 16 787302
258 190 807911
210 274 549662
10 227 933754
95 173 507459
176 310 845593
57 21 603250
71 305 953417
165 38 769242
294 128 974000
80 203 791300
27 254 945849
38 272 923031
221 203 904412
82 43 966580
329 24 759615
53 175 685606
66 323 723832
160 302 636711
30 8 517830
161 294 271936
246 306 662604
199 312 814688
111 143 385553
20 287 716224
112 275 590855
145 173 658065
125 207 860427
311 42 996553
45 134 669799
230 196 950376
158 25 923997
65 329 874455
64 326 x
249 188 692413
242 28 262565
118 107 742849
207 144 511158
317 70 816549
197 199 763383
45 174 848232
160 308 996988
154 308 940286
267 207 916727
127 159 170115
220 102 x
52 123 516994
112 74 913075
31 272 147464
157 63 292516
286 12 674222
265 25 676096
181 184 982189
318 175 827297
303 265 669881
178 115 916689
263 302 854835
228 89 391891
287 56 996081
172 39 972520
240 185 727148
61 163 520356
290 294 976094
120 98 x
95 156 x
319 324 644941
241 213 933442
243 91 605105
196 127 x
199 69 x
323 229 366880
244 177 x
160 267 247863
209 220 x
22 292 917915
216 221 586836
280 77 701442
167 261 558321
161 60 775854
292 132 980228
276 69 675820
112 194 x
86 263 930034
296 195 923358
159 174 423337
268 35 747311
297 176 845683
25 293 893067
91 24 98019
164 74 912456
56 8 840380
162 175 341958
306 182 756998
42 18 759531
7 151 726790
279 161 843422
162 76 583812
264 37 516049
194 278 238538
150 36 783635
101 3 855999
264 84 803892
89 259 504775
177 245 889716
224 81 924808
15 260 757951
188 213 654168
131 320 962537
219 190 694162
112 233 353989
298 237 950669
86 155 374070
71 307 696241
233 266 x
324 127 710045
169 292 754975
210 168 724685
96 30 852028
217 90 806461
126 185 582898
199 281 994470
230 117 995450
62 320 435376
204 51 301514
108 9 776615
161 189 443488
265 68 921634
174 84 x
278 258 164059
133 31 607967
80 246 x
58 126 x
274 152 198276
298 169 99686
27 291 404656
262 77 878825
39 11 782501
2 289 x
124 43 688176
140 40 724969
76 245 527549
75 223 235626
288 235 256246
96 312 776976
188 75 185466
52 333 705428
2 286 834375
247 205 779487
67 211 851464
139 97 850294
195 204 706261
169 37 x
14 43 644463
10 328 x
198 79 932448
265 271 998907
173 7 103657
213 235 x
270 143 664894
207 47 948286
217 14 201165
6 227 x
86 150 633439
258 79 330926
231 100 548046
89 53 x
188 190 800529
27 205 272248
21 9 967933
78 34 538430
119 203 260015
140 109 357654
197 26 652764
25 62 259651
254 296 514992
105 283 460503
148 183 814677
198 297 919862
41 43 829735
7 119 997973
35 187 987858
277 68 633355
227 219 356462
111 303 252562
153 156 499889
71 176 903534
46 5 871720
140 57 777243
5 135 871921
181 207 x
114 257 998236
146 80 297994
31 303 889430
2 186 733695
201 138 774966
261 193 818656
114 204 523225
60 306 743968
292 168 715215
274 292 871425
88 192 x
85 228 x
125 120 704016
13 41 665953
128 124 x
244 307 657668
13 60 200980
40 298 946753
79 41 290784
290 301 769820
151 203 787932
183 129 933932
277 196 907918
1 210 725905
223 66 602600
77 186 747493
235 294 793820
277 84 737068
191 59 815583
101 34 813743
300 222 855480
259 222 833985
127 163 717022
28 154 x
72 48 675998
151 161 499514
157 285 916664
179 305 x
216 312 566031
42 71 576730
265 110 595424
86 290 620287
125 2 642077
101 5 754821
292 217 840592
123 60 x
127 318 839784
137 324 857147
255 253 587244
30 101 908605
333 148 664331
235 95 144275
58 134 706996
297 165 222141
224 39 782529
89 171 653756
302 225 500306
323 196 864740
267 308 x
258 48 x
30 22 875592
249 7 719117
290 222 876453
226 219 729834
93 103 746955
236 16 757900
257 199 592206
184 332 268849
194 10 859115
7 248 x
253 182 958035
113 140 943318
277 143 433245
269 71 962974
9 312 661042
71 277 993215
38 233 857192
155 45 997651
131 40 634224
14 306 697772
10 4 x
105 328 530565
213 315 905044
243 75 875252
153 49 734195
140 77 241149
301 157 958228
115 274 816765
55 207 973131
7 122 x
316 92 935879
241 261 995058
187 60 594578
191 119 405450
265 76 745013
331 302 621477
108 35 897745
101 267 961113
56 251 986498
43 119 862186
205 104 961134
155 195 868795
258 272 x
63 326 843643
13 233 752776
273 189 378732
131 116 859799
326 102 834828
271 77 865807
109 73 561145
290 216 886086
13 302 478156
34 22 806266
232 155 929556
185 323 698249
40 286 821446
19 4 629526
300 256 877539
270 272 245207
277 226 996512
194 259 923696
89 7 587248
19 166 574311
284 42 809293
167 156 438409
2 229 854134
220 37 662217
213 84 920741
237 31 775874
214 29 971176
277 135 742426
119 254 947000
281 219 791072
265 20 971281
196 291 524420
202 283 991164
179 271 568839
122 286 930718
210 130 598891
308 68 513757
266 222 381913
317 146 822145
63 171 830507
75 52 896465
147 157 988649
73 45 875073
60 183 272329
289 146 564458
209 212 509556
242 180 991008
238 319 349573
2 96 874561
239 83 317684
155 75 731072
133 188 x
75 191 123545
142 63 343904
99 200 950322
280 39 224856
279 43 180808
91 123 807297
8 139 301942
46 249 452240
87 233 910599
227 210 x
200 138 872992
231 43 723044
186 262 699987
290 243 750544
302 141 x
100 319 597980
169 84 592542
39 50 759621
283 224 911449
22 311 x
267 67 x
245 151 834929
194 25 835030
116 125 269068
71 312 861763
232 147 985279
199 79 682332
121 5 x
187 45 915035
109 82 634496
85 326 626049
65 306 265767
86 146 998106
46 57 707676
40 297 928527
92 137 686381
124 237 991302
152 303 454784
162 178 756114
263 134 x
177 292 602345
12 268 737093
170 103 x
69 293 851435
20 131 973379
179 180 849685
215 257 915501
256 330 968083
88 147 779416
111 3 x
277 209 944526
214 292 568221
214 155 518515
57 159 774416
45 131 646567
124 10 558280
252 121 877512
279 168 714423
282 191 702415
54 63 440426
122 228 920968
149 331 995536
326 113 x
201 37 904419
15 33 984249
282 255 629795
221 117 517883
117 231 x
76 177 887080
230 199 526322
4 309 339942
306 321 894121
175 242 353069
93 279 788139
97 249 935014
329 271 866508
285 231 908377
190 30 868146
49 226 715333
206 73 647165
81 277 75207
79 145 542964
156 321 274971
325 218 776877
66 221 502794
60 75 751101
321 75 856481
308 23 981140
253 178 647797
85 40 767918
297 153 488932
180 148 898743
8 140 894538
24 33 991474
152 27 774791
332 327 979327
222 118 678507
259 35 809029
300 248 800946
124 37 537120
50 113 441167
61 148 669581
214 152 613696
242 187 781474
8 260 666788
126 317 948024
168 297 976138
182 1 666751
155 254 x
202 224 987839
165 149 964325
301 274 786819
23 90 512320
139 212 988398
60 178 499794
299 304 280630
251 308 x
69 135 547830
275 292 x
90 328 995309
259 168 871760
277 21 524926
35 161 x
217 330 985642
317 285 993226
71 250 x
78 279 613635
154 138 924716
303 101 730750
117 64 495540
319 282 429058
80 129 971158
87 215 988318
113 213 882055
95 325 780216
253 147 629908
14 3 996603
195 24 947537
110 41 641137
128 328 807323
267 278 296070
175 129 722826
161 107 838395
24 245 930759
82 189 678682
94 68 x
284 22 897741
51 221 984869
216 44 937134
145 332 391442
55 173 440399
296 230 678343
300 104 x
24 313 999534
249 299 778216
253 157 752985
166 292 264906
233 48 756199
155 105 x
140 99 549185
234 55 722395
34 76 973990
255 37 608966
23 181 997873
238 224 592367
251 182 992937
91 266 168378
7 5 713388
207 309 x
254 272 745957
19 47 x
11 188 832933
142 165 854105
164 154 565020
144 305 856780
67 199 981622
169 278 795322
230 249 624655
234 152 834177
187 151 732547
16 140 358079
277 184 924001
301 160 x
324 104 986264
129 152 804911
301 83 387633
106 149 359344
169 144 304060
310 252 912371
312 165 956354
151 289 x
199 193 939778
209 220 977262
247 268 342607
214 295 817364
3 40 x
53 32 750693
130 201 694276
39 221 720111
62 229 911865
44 74 460071
146 244 636319
37 184 653308
246 184 933630
69 115 690414
4 280 623001
292 316 969597
289 322 607634
16 222 171016
115 326 751107
165 121 451003
173 325 741446
25 6 218225
67 86 367722
231 153 705998
34 21 820212
83 261 192561
25 267 952608
65 221 601663
245 248 737898
330 321 789788
184 135 586616
288 31 663950
70 65 772336
225 7 597053
321 13 388594
107 215 939512
59 174 372131
309 179 889418
291 68 975164
58 224 886800
281 86 700595
72 248 993470
320 161 553439
249 21 674918
121 43 949188
313 186 867803
135 50 444261
47 225 118440
13 141 873006
158 94 991413
138 18 924719
312 331 837901
179 313 924659
143 193 x
94 329 x
11 26 977839
96 203 548182
118 333 928914
8 257 240342
126 327 981750
213 227 453994
198 140 987639
265 294 765841
202 165 779088
183 52 963993
257 305 607273
49 195 986183
254 82 788572
93 207 x
150 60 973988
201 142 x
11 238 715433
262 270 800713
232 204 851906
122 128 692535
168 136 998603
91 113 875846
5 176 675255
252 198 840239
232 72 566242
3 196 563367
64 284 943881
108 200 998143
30 151 550442
167 241 x
232 166 x
7 254 550387
261 126 330318
217 191 801953
279 208 583066
13 96 986661
218 256 x
68 53 989847
98 259 998240
112 137 342288
205 170 702839
149 34 727281
329 20 762899
258 193 306349
162 72 833999
101 24 741010
12 67 614355
151 113 973166
6 305 x
125 253 813825
135 37 589112
29 1 999527
214 224 746765
74 260 822941
39 299 652221
160 32 x
239 264 242583
11 183 x
268 113 948110
226 58 787913
307 199 872967
71 211 437715
111 7 751437
40 256 327064
98 168 959351
169 229 909036
53 195 988507
264 252 295812
299 137 988309
110 86 969820
5 133 992631
131 195 426721
108 309 612595
207 142 974817
256 100 609220
333 19 691273
138 5 615825
282 186 933046
332 260 298580
24 311 978121
130 10 x
327 93 x
96 94 862305
241 126 851514
194 258 953007
275 305 986228
324 233 927645
101 81 x
211 58 931188
314 220 860971
172 108 x
3 23 926892
227 216 109081
66 291 892931
130 10 607683
38 214 343588
269 111 482732
51 40 758179
156 114 x
234 251 948270
34 152 949591
13 90 997981
169 195 969259
255 68 603740
266 61 570802
100 180 805177
107 19 856192
78 284 489563
58 311 x
155 82 756239
216 202 653632
306 108 276226
131 308 564045
226 1 995059
79 202 750827
184 124 552323
60 114 296143
289 193 746621
294 113 874531
81 237 999751
317 153 533005
167 112 325979
168 197 860332
28 318 980123
236 265 723775
189 115 x
289 211 824697
317 123 78104
215 130 771085
16 273 996277
213 218 258110
102 32 965128
311 93 850334
103 311 869410
209 40 847493
132 87 992406
52 199 779267
327 154 620556
241 49 921405
177 200 905264
185 228 808335
72 259 982905
268 14 528008
150 248 805457
156 319 697941
154 310 x
258 311 838697
105 147 260313
8 80 434193
191 328 952370
137 240 975483
78 48 916690
324 156 968716
84 82 960198
291 102 877189
224 292 307743
65 41 858122
149 278 426478
282 314 798512
100 290 823110
199 210 812940
111 213 989203
210 52 971599
275 118 987276
301 155 896275
122 17 650098
129 185 978750
289 310 714835
297 244 775971
152 309 570966
87 251 687685
187 14 379225
266 47 629090
22 75 960313
234 259 803595
188 193 694824
12 321 978234
256 225 779854
278 41 830468
41 2 876205
285 202 959800
100 243 720211
211 227 x
43 226 780433
64 39 601995
223 311 929223
326 228 986978
263 88 764010
326 83 859904
69 194 x
142 275 408342
69 64 838886
156 70 350182
329 289 757406
156 222 937593
76 155 409693
105 252 822827
126 114 988431
247 203 971953
146 139 x
61 12 345498
252 198 363891
214 32 988629
246 251 779995
67 49 769518
321 53 x
200 39 x
205 36 x
173 148 x
136 183 962853
227 156 x
166 180 846416
249 233 395361
226 37 950891
137 164 994908
36 143 872142
144 180 713526
129 20 520822
268 151 746378
65 250 968693
214 90 548426
237 93 746799
57 49 902439
220 83 939605
1 107 893399
8 87 382948
132 178 755593
174 138 146675
175 60 x
273 153 720144
84 48 942680
192 210 663143
257 325 944865
195 199 185747
146 11 825733
74 192 186035
95 149 410090
273 81 739561
46 328 658365
124 320 842220
198 267 796909
234 212 722003
82 27 556555
268 252 845455
103 199 x
277 314 424132
253 194 775196
4 136 866973
74 203 979442
76 246 x
200 120 787983
157 307 931862
311 220 x
245 326 977681
284 185 454689
10 114 897870
314 173 801854
27 138 465552
317 305 979270
283 131 779841
47 187 878228
251 274 x
57 59 973863
142 178 x
27 130 213902
189 164 722169
169 64 808266
253 102 793587
58 156 730846
240 108 x
21 224 948218
49 31 984523
211 114 721516
16 214 980509
146 65 936655
67 253 185919
119 58 781602
318 138 x
113 139 640292
218 52 997148
310 246 992135
49 54 877266
73 74 211589
239 107 x
102 221 803136
67 44 799689
34 184 867290
92 314 548450
40 39 811959
285 298 180070
42 27 914855
93 144 x
42 131 409886
90 292 713226
241 312 758130
219 172 556843
58 166 804479
15 94 x
17 36 243476
15 224 655996
219 328 806446
328 31 750088
286 138 x
305 260 953893
49 153 x
312 82 654870
259 77 998612
142 100 434824
284 193 527244
2 78 455724
149 100 219838
65 119 839732
290 211 399392
2 72 957424
207 310 937032
200 167 716135
291 210 851243
297 2 235926
331 255 906185
32 270 615275
13 220 983038
275 129 800200
242 231 551468
115 146 994661
242 174 576726
72 130 305757
225 219 638792
102 220 861592
35 149 910761
58 323 796535
5 121 633760
181 130 944256
209 112 865299
62 192 806569
11 333 873892
44 160 942325
272 287 962568
53 13 848313
19 145 497057
333 313 735990
221 311 848921
159 32 153618
182 201 622108
200 317 897213
319 51 347380
230 308 892309
119 7 819055
258 10 x
158 151 x
208 310 939539
284 231 532137
196 103 739189
258 25 713063
111 227 984978
153 316 818731
216 97 997716
11 217 688957
305 100 206200
110 210 999071
120 231 x
93 95 240692
277 6 931435
228 303 519682
84 8 774240
10 152 818249
196 157 904750
236 162 x
228 184 926768
279 108 981917
275 288 685539
22 64 646455
161 84 x
146 173 939665
204 154 722853
291 222 878399
140 170 545319
296 288 875008
112 28 303649
277 289 960417
174 151 570125
248 69 538898
298 200 499058
105 72 x
144 319 765075
109 299 913888
286 138 472781
189 54 854861
58 80 320714
94 284 918686
113 190 889551
75 333 352907
92 223 997546
166 238 509471
124 214 640933
162 284 632559
6 94 932626
78 53 x
176 261 811562
155 42 605978
163 305 552794
186 209 881236
107 251 205214
15 150 195621
74 34 738958
308 260 882562
271 315 x
182 165 772622
140 34 851613
80 208 x
271 147 902819
187 99 986453
25 68 688156
325 55 375711
285 129 657424
303 34 877926
201 228 270983
67 1 x
256 121 972080
99 287 471855
280 302 740155
306 81 643538
14 312 581127
140 2 928664
291 217 832307
170 165 579330
180 99 x
22 5 863496
95 331 683294
40 181 817529
52 317 411626
198 265 859144
327 293 831449
203 183 350193
285 101 566334
267 236 471998
212 89 684943
135 225 810419
197 314 940192
113 158 867653
196 74 881260
197 306 659545
266 78 999791
24 28 x
319 268 780692
78 190 374936
227 190 450460
54 66 x
137 1 653914
329 293 751324
231 194 675875
266 253 420809
16 200 579962
52 167 933884
61 68 752197
78 65 652394
23 137 592951
182 45 226071
27 87 965880
47 295 673881
1 333 691545
141 316 482773
9 92 898867
115 120 726021
91 204 x
221 298 273937
276 71 560065
177 130 751111
190 154 819697
85 219 328373
27 302 336422
49 230 791971
81 49 591465
161 211 612382
170 248 779511
12 297 x
157 3 x
111 286 918094
35 75 730678
310 199 812923
93 87 932885
193 62 974240
110 200 985290
265 207 940942
262 96 814688
308 3 933761
61 182 975506
120 262 x
321 23 995048
248 1 719000
282 270 161185
259 102 995096
51 48 846928
231 61 729019
214 51 646716
161 27 956859
215 248 662602
228 37 845655
26 39 407858
173 275 905020
104 4 304816
82 153 625206
284 146 332323
13 64 x
132 308 249637
249 81 953939
333 182 x
207 311 642698
59 246 785593
207 308 915272
176 140 948215
126 11 692914
220 52 x
259 221 897926
194 91 x
100 192 934252
244 179 956325
14 308 851338
182 319 848661
212 120 805950
20 155 816593
163 271 973711
174 182 350604
53 187 684845
250 256 651594
229 196 830992
114 156 692887
267 278 458855
213 202 711411
146 217 214158
12 129 x
75 179 859438
229 201 x
108 62 469618
297 185 491820
218 7 978010
49 325 999772
276 287 935509
322 306 552286
98 300 807578
94 67 959878
149 306 901866
282 201 776101
88 69 971948
123 176 886988
57 139 959684
232 186 900452
183 23 881179
177 83 882044
259 42 825633
248 231 612473
8 284 274220
155 105 824471
103 209 639415
17 143 517256
97 118 716988
50 13 457265
216 214 999597
239 89 558866
20 59 453100
103 109 584552
190 41 638984
141 312 x
239 292 811583
132 20 x
36 309 790187
96 73 625536
169 324 873697
16 42 457387
56 211 157697
286 23 549016
52 116 333587
312 154 990085
303 51 677559
89 325 788616
43 253 877146
198 216 900165
238 292 903784
184 88 759978
103 222 x
17 97 496258
215 309 923233
255 268 962028
287 135 954970
151 207 721779
145 46 x
75 9 172301
87 11 784040
52 145 985716
269 134 925303
324 140 614010
43 173 765499
294 222 803720
62 274 909499
317 195 827308
205 131 984722
187 18 782826
111 40 887867
301 34 834884
309 93 878187
7 307 639062
55 309 326138
85 314 352492
117 114 971622
294 58 733432
60 323 961671
15 215 893348
102 83 826720
45 281 945989
171 115 x
72 78 914594
1 188 994631
113 264 994048
22 283 727288
5 264 398741
119 89 611196
118 3 x
17 12 811508
160 249 856435
272 68 222961
114 44 990724
176 49 605029
18 27 976745
327 148 457648
99 332 971008
181 234 437599
30 203 398637
47 170 x
16 293 861451
72 319 770125
17 265 986087
242 45 399806
302 266 737806
237 48 960229
19 106 781121
113 173 821152
28 136 915950
232 141 x
219 226 329809
180 133 x
295 318 733663
248 312 152904
190 118 482585
29 164 708091
144 61 975707
324 288 688313
321 73 977877
174 285 996891
289 173 392048
91 305 828029
12 131 114644
70 36 x
179 56 331667
225 87 574826
169 270 892101
206 324 966502
39 254 841420
224 213 905074
245 15 384770
187 224 803762
156 32 843732
46 95 715776
145 246 910763
330 100 897676
103 273 941919
6 332 x
217 71 776167
58 169 941008
325 169 846349
247 114 989696
166 222 x
262 289 715618
109 272 710973
287 40 902658
239 204 739207
127 183 655451
170 72 939596
305 266 x
200 162 633558
304 273 728342
108 13 x
206 234 995625
163 251 x
23 45 873975
139 333 982928
171 271 370995
242 246 861705
184 89 536284
28 213 996867
199 310 858018
193 16 475915
91 306 835025
58 78 921427
157 67 980885
171 136 982721
105 41 917144
7 199 713479
111 280 870729
77 17 646744
229 161 917750
133 240 873932
112 177 685268
200 4 755688
194 291 726042
69 295 760947
160 49 672726
1 231 862488
100 99 954247
35 220 870881
211 64 350230
30 315 397390
229 269 897538
293 304 920142
169 48 918571
120 280 x
41 217 953147
142 274 944929
48 128 430687
329 192 929187
166 33 x
127 233 314212
85 18 870594
111 301 220970
304 208 x
240 242 932527
301 180 963786
218 21 966060
63 281 998149
230 282 900605
216 291 471974
46 251 871617
273 238 269765
289 274 x
37 43 772239
26 53 821055
69 227 298456
139 10 842301
241 1 267974
87 112 746091
24 26 856574
146 50 756160
179 323 662798
43 53 x
312 1 527420
130 313 x
192 284 773608
296 125 60580
267 165 415567
123 159 x
30 292 700357
216 184 x
247 163 773651
85 259 905039
184 331 625175
150 97 773303
172 122 422710
120 55 723627
124 250 948663
183 74 695153
188 194 890437
283 298 327033
41 186 573583
328 266 555774
122 79 928551
295 7 981744
83 132 740188
235 169 253368
234 324 645694
82 52 830448
288 256 998548
183 153 942896
313 125 665053
104 233 580775
199 191 706082
215 272 380711
117 283 423103
192 132 688976
2 313 986831
106 107 677068
242 272 446967
258 278 718976
82 186 436995
234 57 x
169 252 964475
9 187 461499
56 144 916211
137 65 262510
170 313 876762
308 93 549529
124 130 496682
64 282 858988
97 83 916800
140 234 996839
25 258 301105
165 88 323196
108 265 896069
200 151 723853
219 297 385883
183 319 725309
305 111 971273
30 216 471272
133 303 975388
202 180 861693
280 304 x
193 147 943652
200 298 841204
57 261 585212
179 327 999499
181 109 780604
158 240 x
288 169 823915
4 193 439548
220 68 442848
171 156 x
178 155 x
207 326 612839
220 294 941893
130 185 922292
156 276 757371
289 136 965604
191 197 537258
142 19 685440
327 64 650697
150 71 612651
71 310 677150
106 228 964211
168 97 595021
260 19 388489
102 9 992474
50 72 797966
237 232 816436
148 44 279060
290 111 848576
23 52 807800
70 193 696276
94 63 933827
277 71 659460
86 212 714401
203 162 988613
224 208 x
41 273 212834
269 53 869784
3 267 x
89 254 834597
304 142 926428
102 15 526445
124 137 956805
196 57 x
151 234 842741
261 188 918564
106 308 724384
2 157 465153
326 71 753380
96 9 482759
276 285 x
231 266 535524
273 128 912404
23 269 907779
249 104 933055
95 152 423210
223 309 959210
333 239 485700
59 89 999779
5 331 907402
126 206 922243
77 41 610968
124 208 717019
4 323 586549
217 45 604823
293 167 707400
231 272 x
219 171 806123
184 229 529062
237 101 722156
290 116 845695
26 131 951697
311 41 568575
49 73 693164
222 110 771806
108 151 964703
24 289 x
250 65 706435
222 187 819787
295 204 650348
292 45 833093
287 13 748738
185 258 878620
222 206 942231
157 129 838731
164 305 887469
40 109 697734
149 92 829166
85 164 x
114 26 530479
185 320 x
260 39 702074
271 202 953724
316 288 576126
7 201 884417
211 200 959222
225 26 803582
93 209 886918
67 29 997912
253 313 831391
74 25 507894
75 78 626207
65 75 685433
72 246 941868
91 87 999687
297 272 x
106 149 967112
252 44 925405
209 198 736216
94 169 988312
256 32 499804
46 23 584798
75 174 x
262 157 428076
158 90 105876
107 229 324288
104 14 973534
180 322 231593
18 224 896656
222 70 878056
258 291 454911
230 307 744551
7 281 556000
63 177 732323
184 312 666431
54 269 293241
232 323 349075
254 296 762655
308 153 981727
114 286 942029
185 151 670406
13 206 777061
293 100 286331
134 167 702595
233 87 831533
118 175 457010
326 204 926971
263 105 x
217 144 966106
225 77 86581
60 123 329189
28 242 132411
107 238 453086
234 170 963816
73 332 175445
174 18 578009
79 290 826393
322 52 673335
210 61 977031
74 49 316008
268 9 907017
62 61 814915
126 291 978263
248 303 920589
92 279 559409
144 45 x
184 131 922620
272 151 527432
198 177 x
106 268 728729
130 186 398325
196 297 905454
20 220 292524
125 179 636754
245 252 941851
273 97 741588
271 175 932470
194 270 649230
308 128 978284
170 17 127453
258 208 489010
141 88 831322
276 312 151536
117 84 502907
200 214 741562
284 77 499319
162 211 712611
72 208 179938
31 77 854528
180 73 707756
330 175 87860
176 255 770108
108 207 648867
242 157 984910
213 132 797789
302 16 937726
252 234 864467
245 97 603476
44 125 938450
63 55 535807
210 206 976940
44 301 974016
156 242 737889
312 238 937883
94 76 710922
44 180 960032
89 245 986805
225 136 598099
268 238 551211
86 268 637130
310 332 957055
238 27 x
33 289 878916
122 256 906791
232 240 744783
279 247 493317
296 197 376729
197 82 597376
158 141 608016
126 10 970528
202 245 715772
163 109 970132
274 139 769939
101 161 484127
241 302 203176
171 271 402302
89 25 434531
59 61 961061
213 316 922046
311 128 988294
80 319 738942
304 300 947044
95 128 837316
14 299 886695
89 180 788467
137 82 919705
175 282 x
302 172 846625
2 19 x
298 25 635836
139 314 708465
142 245 837198
285 326 840890
293 62 835980
125 278 293839
312 173 599350
285 329 x
36 81 x
171 314 602086
227 287 829508
19 208 871297
258 207 463413
143 318 794899
164 214 453513
203 290 612578
93 126 458264
194 98 695336
231 8 983835
285 264 x
71 305 150800
18 95 x
303 173 290560
278 201 895791
110 159 707019
122 268 969029
183 79 x
251 228 719454
132 327 x
132 256 999609
294 29 x
115 61 x
5 205 760688
160 262 568019
185 190 793195
202 286 800749
201 248 774356
73 331 363132
325 104 630966
117 193 x
162 216 765257
2 29 x
137 112 706239
104 201 x
32 33 961100
166 30 333623
226 260 944924
52 275 876116
58 97 989971
158 150 x
42 77 734360
90 199 510673
133 226 911067
283 267 965881
294 95 x
235 89 x
253 149 950999
99 150 775922
114 90 658934
40 305 249985
332 281 922110
120 90 616529
159 313 660491
132 284 934345
123 120 943924
115 191 705396
38 285 621313
323 180 880650
238 11 996650
135 278 605147
139 60 738578
45 282 981682
136 62 556305
127 35 318414
53 261 x
131 180 x
263 261 x
34 286 716410
36 85 875437
72 214 935465
91 282 633552
325 260 980582
289 98 894537
187 53 727635
279 86 783547
264 258 884011
59 79 960619
159 306 997289
302 168 439417
92 193 674487
270 189 x
47 310 635587
188 142 796084
295 331 640945
15 216 909773
239 322 997603
153 127 818090
266 183 x
26 140 892913
119 80 735970
57 255 811009
134 142 432275
202 143 x
220 72 969698
249 190 859194
264 16 915735
49 27 989901
13 241 972789
285 66 895001
164 301 x
267 276 909387
123 171 723028
39 315 x
37 122 895323
115 202 x
26 92 847540
12 247 971350
250 228 x
170 164 271225
135 54 535960
162 220 x
284 289 977817
7 197 695206
53 162 156394
42 245 776054
186 109 592941
140 15 527672
85 254 976712
12 117 762327
294 23 632178
258 273 388442
314 62 840516
183 243 x
225 214 935123
18 203 444844
166 194 758037
186 65 651467
265 26 622928
16 225 581288
315 155 284450
295 246 870807
95 235 789368
175 11 151702
268 315 124299
330 46 736540
241 1 127177
165 285 678001
153 315 233487
148 70 589208
57 325 x
11 162 270402
291 249 819056
134 266 x
129 83 740090
267 325 638649
268 11 466494
325 189 666804
296 90 909433
236 331 x
196 158 778173
69 203 599504
195 234 618912
284 107 440328
34 323 594109
272 28 459819
55 293 x
208 317 981998
234 42 986791
193 93 599535
253 132 982965
299 234 778911
21 130 843167
174 266 x
288 70 786778
288 189 688467
104 271 851758
183 246 965916
228 290 699228
51 191 508812
60 57 508733
332 185 x
157 73 905215
57 52 684216
158 208 696832
103 283 920310
316 120 603650
145 162 x
260 261 512226
199 265 670106
224 20 675184
274 167 744406
279 189 523988
304 157 701910
5 12 958740
234 120 542492
233 164 967739
29 243 231845
125 320 633495
205 227 701724
127 148 747582
327 278 183533
134 320 903927
301 283 x
275 277 x
77 197 320900
231 121 637061
117 40 833902
257 195 878891
122 132 860536
180 112 997914
215 149 818888
260 140 706938
28 58 663598
231 35 402711
48 46 842658
290 97 556698
169 88 983234
203 115 906926
59 292 681526
189 49 x
322 132 608127
174 170 958437
322 29 402032
125 174 513824
34 265 992318
277 254 947392
326 158 960954
252 245 721708
106 310 883680
193 321 x
108 150 x
239 271 988836
141 39 935687
331 193 493920
228 156 638687
5 159 825838
41 110 699595
89 217 362930
308 108 751192
255 244 953964
128 12 644263
191 281 x
48 31 187610
2 235 522043
127 235 843449
322 7 170921
300 84 430465
15 306 628796
134 18 578037
277 259 807244
1 8 959766
117 101 990487
102 314 554888
287 142 412832
209 39 727627
201 59 781768
94 117 x
207 24 910169
255 195 896571
300 163 981763
83 60 696173
64 60 317297
29 189 879181
164 299 457666
202 170 970094
162 42 652239
197 332 641795
228 262 450523
305 123 786169
217 73 461783
94 60 995048
184 132 342458
20 174 475736
222 324 707783
99 302 528064
315 234 786086
198 172 790123
39 300 575563
33 315 999646
51 148 939637
116 311 443449
100 79 646245
82 27 910566
14 182 930883
208 17 996971
265 249 856541
206 256 x
62 243 788257
141 332 386961
208 256 901352
247 230 929965
225 64 927946
277 222 692040
158 234 925984
163 11 107893
170 168 887829
159 308 781024
199 9 796097
218 293 546182
293 167 377377
81 314 825253
41 147 994832
258 225 304900
229 227 955740
121 31 902661
315 222 770457
149 56 783996
56 267 805681
71 60 542150
32 63 640321
258 275 611675
13 328 x
136 259 595906
97 102 809796
233 13 520646
81 106 760844
58 37 475923
23 235 464952
35 84 739811
309 51 805117
237 27 664532
255 13 993432
128 311 293823
93 202 739585
307 84 x
38 318 837273
231 205 459056
242 209 x
317 55 954816
288 303 989621
232 181 757009
144 204 859285
134 122 655238
322 177 772888
233 283 886974
109 267 555380
151 93 983267
39 191 963670
294 290 886774
41 35 757626
67 120 974260
264 145 x
53 212 750572
93 35 615363
267 210 610593
72 52 977449
262 259 754436
215 22 155667
199 47 x
310 136 975439
214 330 x
298 129 461218
322 194 753523
25 208 x
269 8 484767
159 213 988419
295 178 266869
171 324 724716
199 286 447857
267 268 932408
160 228 923997
54 34 909265
115 44 799471
86 76 996769
302 94 800450
190 235 602414
94 224 705665
103 89 681258
292 99 663224
229 243 424266
58 140 984389
40 61 822786
139 175 919935
10 130 593386
300 232 502338
43 192 946032
30 65 395932
91 133 x
303 117 951763
114 125 856798
38 258 936931
114 231 567077
170 145 974465
168 25 758217
234 209 874304
245 332 981875
247 257 803678
136 286 819693
265 166 950579
171 227 850780
213 231 x
159 17 x
286 161 994393
113 223 809331
225 251 823861
307 93 x
259 12 989370
176 115 836228
159 315 846199
219 207 126066
218 191 643834
184 176 806924
266 32 727149
257 153 994454
295 149 x
105 140 936905
75 280 981014
223 218 857549
241 101 486977
315 308 x
289 26 462551
198 224 x
45 321 434114
178 8 148244
48 62 x
54 282 758607
42 104 817719
128 323 787398
220 176 939645
6 41 765430
70 77 944007
196 304 710842
269 129 x
323 256 742956
187 248 489561
80 251 751153
76 140 986415
332 36 x
28 307 956348
307 239 974851
124 280 728852
303 309 866022
263 186 979659
191 166 710624
314 241 695522
271 272 771903
168 258 805325
40 277 854551
175 109 776389
17 280 x
283 10 236695
9 264 x
233 301 967087
22 276 x
103 247 994190
74 132 718738
4 263 833138
244 33 650755
28 323 850477
217 188 884245
156 133 924840
151 104 633782
147 133 828217
317 309 406791
150 271 909433
281 83 966617
209 299 836782
275 199 845461
293 209 670203
177 97 943035
313 242 973366
224 31 898070
320 31 x
105 172 911507
133 160 783539
15 289 412546
51 107 602004
263 198 782365
171 126 x
96 217 536012
14 17 832760
165 314 941237
56 49 865982
92 117 800075
199 188 595247
253 314 966297
303 104 376301
9 247 793564
310 106 691782
287 6 698044
112 86 954490
271 250 703825
110 138 836210
8 16 960487
134 249 866312
303 328 x
331 61 982561
75 205 499592
317 233 992762
136 240 394394
294 182 848368
204 56 831108
4 304 81131
85 271 755860
248 7 753304
205 309 986677
164 260 410784
171 263 859123
76 324 824702
216 167 163269
82 156 935651
262 59 861120
120 240 677996
297 245 746594
181 95 998164
5 169 898952
283 269 967564
165 130 798509
36 272 x
51 108 548479
307 291 x
57 53 810225
84 55 989797
136 168 589944
288 59 986057
130 142 407760
328 8 811473
300 297 646853
133 168 x
28 270 982481
148 220 698993
171 56 930825
189 30 899708
216 201 735978
65 278 416466
9 61 868187
220 73 956278
167 309 834493
159 185 885763
325 223 999391
252 198 931308
235 55 712108
67 311 675933
265 207 704841
150 217 480344
44 270 874168
178 257 x
200 168 637672
319 213 258224
324 39 984474
3 188 984715
236 72 538850
15 61 704949
2 162 688582
274 91 243900
66 19 858542
242 331 x
101 67 x
139 208 793608
224 243 x
40 101 758989
230 135 890183
74 315 907755
320 214 770195
147 216 926681
299 218 886967
147 133 930498
188 218 433439
169 158 712338
296 316 298567
227 235 984782
106 97 995087
223 4 937126
215 142 833907
62 111 x
73 18 x
236 70 466188
143 316 707494
93 33 x
150 250 981418
205 142 979456
182 40 x
84 141 761713
44 177 x
179 61 922160
278 210 792506
227 229 829785
114 218 x
178 274 999286
260 21 232180
111 59 x
326 1 910976
199 145 653519
298 192 678123
226 134 703136
21 174 874373
59 269 212046
205 149 591523
254 286 411030
7 56 970705
221 231 263166
115 156 901524
168 283 920551
97 294 599399
292 290 924295
298 147 837867
302 243 x
210 67 763761
210 252 938618
5 22 832588
118 84 418273
238 261 731942
270 290 411805
35 324 908609
291 248 939076
107 236 810602
133 100 639935
152 88 711352
294 147 823966
161 43 585192
119 196 578912
27 42 298502
311 96 689528
56 155 684842
72 201 494418
49 58 988690
263 160 892009
303 311 694975
307 213 x
168 82 994722
180 11 238852
179 126 x
239 119 250095
12 118 740360
251 238 328454
89 45 839102
68 112 999377
321 277 578575
76 315 517909
13 201 615416
84 253 503121
5 294 796836
246 74 984017
241 229 668937
270 165 318746
163 116 926768
102 80 803228
323 94 986793
171 243 644222
134 283 916784
56 77 666623
85 212 950606
125 5 484045
251 218 859342
256 95 622670
248 26 996307
65 297 861397
41 309 902008
100 87 585818
189 48 973339
128 242 698945
29 2 582649
227 233 994023
323 163 996501
250 179 818910
274 24 724440
75 153 961347
126 270 224049
275 258 199325
310 209 801410
45 108 805223
191 94 827305
22 229 817410
70 224 x
185 62 878273
320 318 x
173 166 595013
223 200 372784
108 302 763552
115 288 349493
114 3 373363
34 315 740303
155 234 995124
62 48 833963
10 184 609434
188 211 395258
326 242 x
65 280 780844
9 45 487039
279 180 776510
226 315 884480
38 5 517008
160 327 661565
313 24 432757
145 179 992583
15 50 998099
225 98 893715
270 183 864330
78 55 938035
153 281 697182
239 38 227226
81 85 x
303 93 828037
329 302 874680
247 207 978268
136 133 846654
197 6 607844
9 285 713473
244 193 824508
172 299 793596
221 289 768889
60 47 490264
269 291 756667
100 263 645639
189 141 661544
123 77 666606
65 281 854968
109 301 580533
317 277 522142
29 178 814424
117 37 714064
142 21 937781
185 115 x
227 142 782668
151 5 746923
261 46 739584
77 267 427507
28 71 637020
199 209 948313
133 27 336096
132 125 946699
131 51 730338
263 132 556787
228 140 686951
17 5 160188
212 241 277653
260 16 x
300 207 x
188 245 730274
217 68 141372
192 55 478395
299 73 915699
220 230 828270
241 285 635463
136 157 370698
210 88 700895
319 210 761974
78 201 998361
90 17 387182
27 264 475400
21 306 768317
31 259 989247
230 60 822240
164 114 873276
292 188 925712
92 38 837589
195 276 438576
173 275 805627
93 204 827632
85 215 280655
49 268 916332
326 93 997948
139 304 x
284 26 415324
22 325 831448
40 182 923934
242 99 484938
119 281 x
256 74 154180
79 15 823773
298 293 784084
248 306 680231
189 258 x
3 189 933505
163 130 728827
302 54 915949
303 180 973573
21 102 815860
276 174 912526
210 294 883490
126 198 887989
53 273 122332
95 17 x
20 176 974715
215 263 691840
312 162 735297
153 84 x
21 262 904467
263 192 873038
293 68 987663
180 264 787106
246 157 752113
128 71 356410
202 57 696766
102 89 x
239 229 699251
3 185 653331
280 195 825014
65 223 596484
310 233 674262
253 171 922597
134 8 585581
241 66 932234
211 92 302531
48 190 427083
183 17 795736
200 70 788960
152 8 x
222 234 867991
296 20 934349
317 186 779942
44 53 643457
224 6 758387
152 190 267671
107 283 857023
60 32 565550
244 15 953964
86 329 882940
28 191 703768
275 175 923614
16 189 367825
318 142 839335
70 153 824250
150 117 870294
206 279 920195
17 75 388857
285 201 x
254 227 354331
123 86 353261
30 210 695123
104 29 968715
127 275 392039
260 171 852220
272 97 733009
147 55 718874
136 143 822084
327 170 391159
67 295 855270
279 78 585350
2 333 943019
3 90 332235
242 85 713099
16 200 992258
110 143 994931
52 38 887533
254 99 x
77 332 952760
121 127 868812
299 199 702003
86 75 464155
310 259 644768
50 276 170916
33 179 578460
11 45 x
155 141 983567
4 38 747223
312 268 95237
252 250 965915
100 234 917350
207 225 990140
38 232 900455
100 225 336880
223 16 730600
292 44 776397
185 295 368156
293 310 768885
129 211 x
199 122 914579
91 104 967572
143 207 363052
230 152 954694
192 315 516010
169 145 452369
217 6 999679
49 291 617114
206 35 x
101 253 810525
212 134 485760
288 206 512852
21 111 816185
146 227 138274
205 232 x
217 103 737480
219 296 883726
6 76 807185
134 129 696842
79 281 652487
90 265 815774
321 257 678955
222 124 716153
322 278 650247
12 65 701831
95 243 911246
226 67 x
279 204 776818
7 169 923063
241 120 696966
34 11 639400
164 110 366248
246 70 599564
146 319 593581
168 32 305699
65 331 758972
296 136 x
123 139 787818
113 260 611702
55 311 655607
21 114 684016
133 152 587241
122 308 533587
324 93 x
192 233 x
122 145 877787
84 304 826517
267 73 722128
165 193 725822
260 299 975150
197 185 x
97 210 x
7 84 379717
140 95 369142
275 43 838912
97 133 757802
69 6 915270
55 123 575730
304 134 819448
26 55 533059
211 57 902859
273 187 606766
332 58 937902
226 125 x
278 142 x
311 229 102381
69 308 779836
118 234 483777
212 266 851059
309 22 806782
264 275 975577
79 224 710130
219 108 977428
13 322 978933
94 54 704752
35 313 788075
160 77 573167
129 122 136008
119 51 483916
83 12 959090
239 137 584235
3 47 834852
231 208 211810
89 196 778273
27 234 833535
271 43 648043
8 28 602161
21 251 985711
206 316 692626
232 74 692414
8 136 792356
315 250 246708
168 68 871273
174 249 566375
242 65 676985
18 104 334504
208 168 887688
221 10 821681
58 291 344354
98 169 x
29 206 894485
100 183 890808
46 67 965273
43 116 590738
332 317 981484
122 234 557430
323 285 536954
268 141 988283
23 36 325737
178 273 986736
264 23 962576
36 59 266672
36 37 754948
63 282 653882
61 212 820928
2 24 598733
238 272 845304
219 243 751713
45 277 639948
66 72 770629
192 152 868534
316 325 222362
133 15 555573
327 262 935268
162 46 709720
13 15 801085
210 59 839304
129 128 712928
122 267 x
44 248 335154
47 71 x
3 128 778033
127 4 612232
143 308 927069
323 242 596838
197 216 821847
332 123 31732
68 256 741867
324 144 897594
195 53 485446
184 113 934876
100 281 840368
20 133 467796
159 263 961755
71 104 889189
31 73 589181
156 124 777219
109 58 532046
107 291 635849
13 115 708923
159 324 895015
69 289 883439
262 60 816609
6 70 970335
304 156 799407
72 312 818774
158 194 935941
124 266 836804
314 179 x
149 54 873657
76 18 x
289 75 813799
187 64 910671
180 159 988091
24 50 465438
182 163 610354
311 104 778777
7 142 917345
185 306 817952
178 59 515387
63 162 312273
100 76 970518
104 26 991599
141 280 913050
259 91 505791
56 134 924199
307 189 606352
325 1 928210
71 259 767086
100 245 764357
123 172 324676
266 46 720962
132 316 492111
14 123 661578
8 158 875905
295 157 863540
222 91 922057
64 330 907348
294 143 968218
226 178 673722
137 77 908110
148 32 780746
204 142 636657
192 210 613476
250 155 936048
271 136 791491
175 114 756379
274 205 859805
309 274 637551
262 96 688187
309 195 816988
160 79 899782
19 298 974141
308 44 800279
153 288 484635
111 302 871399
164 300 596915
15 243 322493
201 118 951895
318 105 695670
229 290 x
81 157 831984
301 280 467915
50 289 365875
178 232 170547
152 313 914932
270 281 736017
170 227 774049
127 260 572119
195 23 618763
227 240 797484
24 266 666674
12 266 778630
107 313 603772
209 116 289108
90 163 256307
230 164 768622
223 237 936342
60 38 664192
12 34 243570
156 25 x
231 115 977501
41 161 966842
173 49 857712
283 271 825050
194 201 578652
45 32 787423
269 264 x
306 11 567936
222 201 x
282 290 654204
165 143 411926
201 86 927881
46 159 973586
164 244 957375
320 82 731306
166 275 568887
182 220 558992
40 78 241645
271 49 524944
320 272 x
2 245 697529
215 316 992023
245 43 834204
141 95 x
205 201 630191
100 228 978779
313 112 955560
154 285 578252
295 81 837619
13 33 474665
288 276 961579
57 107 428079
260 69 x
66 44 986704
244 174 x
94 171 819112
61 88 823220
242 112 733062
147 144 668510
24 77 929527
273 109 443875
37 126 x
326 39 909939
112 27 818171
298 171 103540
186 20 829858
36 76 921391
163 90 765934
204 262 543531
145 12 918374
271 57 475923
176 252 222508
3 268 939634
200 212 396264
246 162 806763
45 192 201596
127 227 887924
296 69 972032
43 223 977263
166 131 950599
322 90 429065
179 305 925211
330 293 602903
204 196 452023
110 156 859082
11 234 668206
260 292 523063
163 145 x
177 269 744172
299 95 460486
265 55 572826
216 77 860740
280 112 947118
247 185 x
213 319 282054
181 312 829260
321 289 943002
154 168 253325
317 5 452369
112 162 936843
322 241 x
288 252 832611
65 199 847831
84 251 682536
241 231 x
73 95 980407
101 25 418580
262 30 848788
277 154 112910
324 302 x
41 59 x
302 54 880761
257 121 916030
231 104 888974
50 300 980487
93 25 763561
81 42 480668
174 195 382640
302 57 689122
249 282 672045
42 6 494286
299 169 769650
119 28 411466
36 191 131695
169 246 377016
122 292 883704
134 221 705776
208 226 550880
66 38 783440
2 47 x
290 218 894251
46 163 946260
141 78 474850
177 13 965765
106 240 373824
89 192 x
181 304 494517
269 7 977031
34 76 447511
199 204 997980
265 173 940745
294 169 434837
134 287 424236
313 164 490350
23 26 729197
134 298 659593
131 72 919007
215 287 681023
100 310 960763
190 264 x
31 288 896123
205 316 586220
326 333 951503
10
85 120
176 128
315 313
244 214
222 109
160 255
256 277
99 6
70 130
281 210
