500 3494
279 149 98733
478 328 98985
328 95 95748
315 190 98408
185 153 x
345 300 x
369 127 90659
340 363 99397
433 31 x
207 87 x
43 374 90311
191 155 95110
222 481 x
226 241 94817
293 215 99862
20 175 x
214 312 x
216 242 x
398 465 x
118 388 98442
255 456 97972
304 133 92633
384 487 x
409 429 x
200 173 99626
28 240 90348
250 327 x
184 53 90942
468 76 98846
186 23 x
252 127 x
498 453 x
84 341 91855
179 416 91193
271 434 x
148 10 x
378 140 97124
270 392 x
347 119 95463
154 177 x
144 189 92367
8 129 x
316 45 x
145 418 93019
26 443 92500
477 126 x
371 108 90204
69 105 94236
348 279 92489
32 49 x
144 189 90424
211 155 x
417 420 99320
40 395 99569
227 292 94584
354 62 x
353 41 97913
277 233 x
199 96 94197
498 453 x
220 176 90567
226 368 93197
335 495 x
96 386 x
171 29 91002
429 168 x
229 111 x
187 19 93589
303 209 x
149 298 91922
116 30 97519
291 299 x
166 335 96717
276 318 94245
69 133 97077
140 462 90302
277 195 90068
302 343 92238
180 441 x
448 96 94116
125 230 x
153 229 96725
330 497 x
329 109 93398
122 372 97371
380 218 90694
438 175 90631
330 269 x
449 337 95318
231 387 98920
424 135 90588
378 203 x
491 126 92055
316 467 x
207 141 90621
4 266 x
426 287 95856
314 334 x
213 299 96874
431 81 x
40 395 x
180 441 96953
351 10 x
393 57 x
373 57 93560
47 278 x
56 500 x
130 353 x
370 61 x
500 383 97735
97 452 91179
91 179 92180
327 38 92721
251 458 99041
296 232 x
313 333 97264
76 430 x
99 461 x
336 69 96877
207 405 x
285 402 91242
140 462 99841
266 323 98376
336 105 x
494 362 93096
178 330 90443
284 92 92817
294 17 x
2 64 x
244 167 95829
48 288 94199
189 442 x
375 118 95107
220 176 x
281 94 97207
263 358 99893
214 233 x
241 242 96443
370 27 99897
484 446 x
82 274 90813
177 414 95307
211 155 99938
23 367 x
426 181 x
384 184 x
410 42 x
423 40 93596
309 435 93206
127 290 94052
399 261 x
251 288 94516
371 484 x
158 347 91105
484 446 90391
231 275 94525
65 283 91941
178 269 x
385 235 91201
37 308 x
330 497 98398
370 61 x
433 31 99379
27 427 96137
466 177 x
197 28 99429
61 471 x
42 464 x
406 466 92736
126 303 91192
356 55 x
364 241 x
450 332 90440
82 389 99067
136 26 91132
123 228 96945
433 313 98761
351 148 99559
305 467 94374
329 302 x
487 184 90948
309 435 97164
191 155 x
284 92 x
369 108 99441
186 433 91200
35 226 x
91 24 92253
138 149 x
67 155 x
236 102 x
366 60 x
377 231 95770
29 271 91460
206 370 x
327 259 96656
291 307 94241
266 454 97079
40 435 x
474 285 98112
4 454 x
378 385 99471
18 54 99231
431 408 90630
70 345 94299
111 14 x
272 376 97770
30 301 91413
390 164 x
411 125 92111
369 127 x
107 190 95345
166 335 95533
162 303 91475
366 491 x
36 294 94152
429 168 x
465 212 x
10 426 94846
10 426 x
306 399 x
489 150 x
266 243 92088
67 326 x
206 370 92144
16 78 94917
114 204 96134
385 360 90427
9 174 x
301 222 x
349 39 x
53 194 91369
103 243 x
490 41 92628
34 336 x
202 499 x
392 182 96696
428 282 95006
401 333 98209
29 271 x
369 252 x
463 496 x
242 400 98832
457 451 93163
294 123 92230
160 493 x
347 393 x
225 358 x
149 298 x
309 435 x
379 74 x
427 211 x
172 90 x
324 210 99682
488 144 91078
66 139 91672
415 134 x
450 373 x
58 199 x
485 269 97275
486 185 x
287 198 94804
11 218 x
344 212 x
317 75 99693
420 65 91519
450 373 x
298 382 x
243 366 93288
237 472 94502
409 460 96582
112 329 94020
431 444 x
447 315 x
135 311 x
375 118 x
401 86 x
223 483 91009
77 357 90045
307 136 x
397 206 x
356 3 x
221 477 91342
41 336 91988
127 290 95777
105 56 93611
306 379 x
244 192 x
221 477 x
480 51 99810
136 223 92982
245 89 93412
419 370 x
267 2 x
304 317 97601
191 498 x
474 152 90889
207 161 x
239 132 90633
392 231 x
379 398 x
452 187 99031
483 262 x
406 473 x
47 452 x
179 378 x
199 386 x
467 445 91454
222 255 96451
5 2 x
312 417 91601
76 180 98878
470 72 95330
297 15 x
18 54 96033
18 395 x
408 120 x
337 59 99278
136 223 x
450 57 x
448 386 97802
144 189 x
480 31 x
210 350 92856
226 364 x
339 215 98984
68 208 x
338 143 x
420 65 98777
106 173 x
325 475 92521
99 461 x
9 198 x
232 213 x
271 236 x
75 486 96959
136 223 x
298 382 x
192 342 93928
47 452 93305
86 117 x
274 143 96650
342 357 x
267 315 x
52 457 x
186 433 x
400 200 x
181 156 x
198 268 x
277 195 97756
149 298 x
4 454 x
349 39 92601
153 297 x
253 478 x
361 20 99033
46 343 x
388 248 90183
5 447 90757
225 188 x
402 459 x
326 453 94587
59 97 x
259 150 90263
164 348 x
327 44 x
80 418 x
136 217 91035
131 390 x
234 34 x
412 17 x
496 138 97762
300 112 96901
464 68 x
178 13 96048
6 374 90003
134 219 x
441 489 x
490 41 x
445 264 x
494 423 x
139 251 x
11 212 99247
400 173 98094
266 366 97331
104 158 x
129 202 91004
142 348 95765
56 75 x
496 149 95048
360 23 x
195 65 x
408 289 x
403 257 x
463 496 90006
25 146 99502
412 54 90624
433 31 93762
386 216 x
180 250 x
280 404 93685
220 176 x
117 157 x
113 196 91427
118 349 x
183 371 x
372 118 96220
48 288 x
101 138 x
21 234 90634
251 428 90462
87 473 x
157 217 x
198 178 x
45 314 x
22 145 x
229 220 x
421 56 x
205 142 x
228 312 x
311 490 99491
236 434 x
80 318 92085
123 277 x
142 227 x
354 81 x
274 143 x
425 262 92162
281 237 x
382 59 x
397 370 99851
412 54 92031
14 93 x
123 312 x
288 282 98419
123 214 x
146 99 96488
332 20 x
186 360 98620
467 445 93017
15 176 92042
498 453 90506
433 31 92277
449 382 x
236 238 94742
81 492 x
70 113 x
442 63 92116
21 353 95132
116 301 x
399 74 96601
131 390 94370
104 347 x
250 430 92482
394 200 x
231 387 x
424 311 93847
441 44 99357
496 279 x
181 9 95269
432 205 x
19 207 x
278 19 x
11 380 x
195 420 91695
37 193 93993
149 449 98124
499 199 x
313 296 98662
434 339 95764
482 174 99595
402 440 x
5 447 91993
78 210 x
388 248 x
133 317 x
361 20 95686
493 124 x
286 406 91051
180 430 x
483 469 96151
240 428 x
255 351 98080
116 30 91004
226 241 x
322 128 x
112 319 91031
120 289 x
194 124 x
184 194 x
260 348 x
82 114 90255
279 138 x
332 361 93278
249 238 93258
484 409 94239
468 193 x
329 319 x
459 3 x
130 21 90254
72 376 98292
46 343 91175
341 470 x
80 306 x
266 243 x
9 268 98751
10 426 x
1 35 x
351 148 99366
127 290 x
187 404 93238
472 444 99573
340 363 x
255 351 x
146 12 94833
353 137 x
422 398 x
384 184 98895
483 425 x
7 195 99934
322 334 x
115 280 91456
273 271 94804
334 372 91719
409 246 x
339 410 96819
373 438 x
322 334 90198
26 223 x
296 355 x
442 270 96062
85 162 91765
146 12 98643
48 224 x
306 399 98025
229 15 x
68 208 x
352 371 x
265 179 x
216 400 91989
152 285 96993
495 257 92496
103 454 93349
349 413 x
468 37 x
164 142 90471
336 105 96302
285 402 92066
416 203 93111
140 385 91496
396 383 90243
154 84 x
59 47 x
78 324 97317
125 253 91409
430 441 90870
127 446 90607
274 338 x
112 302 x
102 293 96917
82 274 94006
131 390 x
151 472 x
68 113 96560
162 239 93493
24 265 93175
456 148 x
211 191 x
262 130 x
49 14 x
475 268 93343
12 407 x
232 157 99784
141 405 95743
469 443 94814
173 76 90349
178 485 98958
55 255 x
201 244 90860
375 413 x
195 65 x
369 252 x
346 197 x
467 264 x
239 132 96941
181 156 95220
168 151 x
323 221 x
90 207 x
294 228 x
362 309 x
58 499 91167
494 362 x
9 482 95559
261 74 91442
151 472 x
263 188 92465
255 481 95975
262 135 97102
168 237 x
6 43 92513
442 63 x
21 353 x
94 237 x
442 63 x
487 194 x
8 58 x
280 278 x
191 155 98089
12 407 x
47 278 95843
117 157 93852
207 87 x
8 1 90669
261 165 x
37 308 x
120 91 x
25 320 x
284 92 x
146 407 x
362 309 99628
468 76 99700
281 94 95591
289 24 96549
392 182 x
397 370 99980
422 379 92602
283 167 90140
108 252 92683
388 432 92642
299 307 x
18 412 92890
393 438 x
405 154 x
393 332 91348
443 258 x
294 123 x
458 428 95142
212 197 92481
249 238 97429
249 102 97914
366 60 91794
361 384 x
214 312 91839
1 202 92438
241 242 96751
128 372 91213
94 354 x
1 58 98050
207 405 96812
429 281 93203
422 379 91871
294 123 97562
322 334 x
278 187 94681
106 200 x
345 112 x
248 432 x
357 495 x
103 98 x
190 371 x
413 248 x
12 461 92076
38 259 x
183 484 95174
180 430 x
228 312 95910
351 481 x
92 43 x
199 368 98690
39 131 95313
466 177 91352
40 412 93563
478 494 92713
449 298 91775
389 274 98616
424 135 92867
11 380 99919
192 342 x
380 66 x
292 101 x
122 375 91012
286 466 x
384 415 99373
134 493 x
280 278 97376
27 324 x
371 369 94935
233 195 x
181 287 x
190 352 x
187 172 x
64 190 x
152 285 94217
63 270 96228
414 474 90871
62 431 96832
497 158 x
107 295 94425
498 247 x
68 345 x
323 366 x
131 260 x
140 462 x
280 452 x
52 442 91421
83 272 x
50 45 90689
347 256 x
145 80 91156
255 148 96882
388 432 x
246 460 x
194 493 x
157 217 92887
326 498 x
167 342 x
315 64 x
201 65 90574
153 220 97888
48 224 97119
104 497 99605
33 478 x
419 61 97821
76 250 x
189 377 x
408 88 99652
464 208 x
183 108 90965
161 406 90388
47 278 x
450 332 91468
119 373 x
273 169 97663
224 171 99793
87 473 x
445 264 x
12 99 x
380 66 x
212 218 93148
431 408 x
254 98 x
284 132 99975
463 348 91741
55 255 90327
47 452 93785
196 109 x
222 481 x
46 254 x
251 428 x
383 185 90789
124 129 97170
481 426 98479
128 375 x
162 239 96374
61 27 x
182 476 x
487 53 x
276 145 94353
155 498 x
27 427 x
104 158 x
268 174 96329
72 285 x
94 237 94501
367 381 93087
32 14 x
464 208 93878
192 342 96077
372 118 x
77 479 96133
406 473 91420
148 426 x
33 253 98416
339 464 x
5 2 x
239 209 x
163 4 91098
336 69 90610
162 239 x
125 230 x
447 64 x
421 75 x
445 322 90321
102 339 x
143 316 x
135 21 93888
476 387 x
456 481 94288
54 17 90306
475 482 x
311 490 x
39 131 96870
173 37 91417
473 84 x
131 205 96991
447 2 x
453 263 x
316 50 90579
173 468 92251
471 363 90313
61 27 93785
177 84 x
327 489 x
9 174 91398
494 362 x
363 191 94939
41 69 97951
17 228 92368
146 99 x
277 7 98134
20 384 x
125 478 92706
378 455 95169
398 465 x
213 157 91494
1 35 x
189 451 94373
170 43 91758
260 463 99380
35 448 93431
486 383 93979
62 444 91293
79 24 97455
40 412 x
170 6 95980
287 475 x
193 180 97260
283 342 91082
488 457 99461
250 430 90809
289 331 x
463 292 x
109 343 x
254 163 x
53 134 x
424 311 x
369 484 x
108 252 x
166 342 x
381 480 92863
1 35 x
108 127 x
102 293 x
55 222 90351
322 128 97159
389 274 x
195 245 x
218 139 x
404 90 91812
290 391 x
287 475 x
7 195 x
56 396 92132
101 449 91393
106 173 x
51 296 90546
320 110 x
66 346 x
54 36 x
350 211 97558
8 1 96733
127 246 94519
86 213 x
73 146 x
202 499 95705
53 160 x
254 103 90383
278 172 x
169 271 98335
499 448 x
108 446 96338
317 105 x
130 234 95944
21 353 92772
313 401 90375
423 395 95994
332 438 x
260 164 99597
259 150 x
460 168 x
363 191 x
373 361 95179
345 112 92027
360 381 x
89 192 90928
52 442 x
244 167 x
119 57 x
35 448 x
89 167 96584
7 195 x
363 191 96768
181 9 92411
179 416 x
395 412 95089
443 135 x
372 388 94936
308 76 x
53 160 98662
91 24 x
25 320 x
215 68 x
45 314 91989
49 14 x
173 468 96745
428 282 x
302 319 x
73 320 x
238 339 92899
245 420 x
71 33 90742
153 220 96127
190 295 90461
363 67 x
462 186 94973
292 279 91054
34 304 99126
318 422 96599
116 440 98531
93 397 97518
231 387 92824
482 178 92976
220 111 97301
273 29 92501
477 239 x
485 497 x
147 455 x
6 374 99597
193 430 91249
199 226 99074
158 119 x
231 275 x
430 38 x
15 176 x
316 467 x
361 20 92757
465 11 x
427 340 90393
150 276 x
90 405 x
38 150 x
483 425 x
442 377 90183
390 164 90012
147 455 92156
391 281 x
167 357 95901
87 286 95271
403 257 x
366 221 95302
125 230 x
187 404 x
230 328 97497
360 367 x
125 230 x
26 469 97059
209 170 x
154 84 94649
368 216 x
266 243 x
355 232 x
21 311 94038
434 238 x
124 202 90526
150 276 90041
3 456 x
56 486 x
237 472 90845
218 66 x
86 117 x
22 318 x
369 127 x
140 186 99313
285 30 97563
150 22 x
494 95 x
239 209 90073
476 387 x
274 310 x
240 251 x
474 72 x
137 490 x
134 493 x
36 17 98407
219 8 x
448 96 x
77 479 x
318 422 93100
135 311 98933
335 488 x
421 396 95266
11 344 x
490 304 97411
485 104 93248
146 407 x
223 483 x
296 355 92462
242 394 x
194 160 97954
432 390 90104
402 116 97144
307 136 x
373 438 x
154 177 90859
453 188 90728
18 54 x
284 170 x
390 142 95108
35 226 x
417 420 x
240 251 x
498 263 x
23 381 96081
116 30 x
292 101 93703
214 233 x
161 87 x
334 372 99402
189 63 96354
445 264 x
458 288 94618
356 55 93818
205 142 x
358 146 x
337 321 x
490 41 x
75 500 x
392 182 96245
291 307 96801
312 417 x
90 161 90039
444 492 x
64 107 x
376 116 x
483 443 95434
489 259 x
427 363 x
414 341 91316
382 47 x
228 277 95741
91 265 94719
433 31 x
321 97 x
288 171 x
321 97 x
377 392 99253
382 47 93275
171 169 x
239 303 x
469 424 92608
465 344 91016
104 256 96231
308 193 91135
36 17 90738
404 172 91741
398 11 94432
184 134 93393
124 8 94746
439 29 92583
273 29 x
374 478 x
235 186 x
42 464 95437
352 183 97499
437 282 98424
40 395 91492
302 343 x
44 38 x
317 105 x
177 341 94226
385 186 x
219 160 91773
193 250 x
63 377 99992
382 115 x
230 494 95310
487 134 96572
247 73 94196
129 499 99229
44 259 x
242 400 x
237 62 92674
450 332 x
4 454 98571
445 264 95190
297 111 x
342 479 x
343 4 x
91 179 x
111 32 92275
261 74 x
500 185 92953
284 92 x
87 286 99470
91 24 98775
439 29 x
417 245 95307
300 302 96126
12 461 92040
57 438 x
133 421 x
378 140 x
46 163 92898
247 436 x
240 428 99747
416 203 92244
10 181 94595
13 269 90216
397 419 91360
289 91 x
364 216 x
304 69 99464
497 119 x
54 294 92239
244 192 x
457 451 91149
288 437 x
65 283 x
148 100 x
5 315 91335
20 487 94749
168 151 x
33 125 x
309 18 x
164 463 x
342 479 94087
113 345 x
89 244 91198
325 156 x
216 394 x
142 292 96631
276 80 x
122 375 90172
276 318 x
88 79 x
34 69 x
75 500 x
142 292 x
97 280 91036
290 281 92535
482 268 x
191 67 x
245 201 97132
473 84 90431
423 40 x
66 346 95197
13 104 x
52 457 99932
224 282 93743
319 254 x
388 432 96520
157 217 95584
384 487 96259
421 75 x
155 225 98249
66 197 x
309 40 x
358 73 x
489 259 91548
489 22 96400
215 464 91101
229 297 98175
30 356 x
408 120 x
89 167 90707
15 32 91390
194 219 90036
283 166 92555
439 169 92152
57 438 x
80 318 97744
437 171 x
97 452 x
90 161 x
130 311 x
307 136 93684
288 437 91606
392 476 96831
495 144 90377
97 278 91789
389 338 92592
44 150 x
417 420 91718
116 30 96521
402 459 94254
142 227 x
124 129 92591
97 187 x
424 21 x
58 499 94908
441 489 92578
201 244 90417
103 243 x
130 21 x
293 42 x
381 401 x
462 186 94913
88 79 91100
363 67 98951
479 403 x
310 204 92209
382 321 94655
55 3 98380
392 476 91497
148 325 x
384 415 x
35 199 x
341 470 94370
473 466 93591
431 408 91499
87 406 x
367 433 97944
457 63 90412
163 98 x
247 436 90811
369 252 x
418 399 95837
194 160 x
102 339 91812
495 488 x
141 87 x
157 307 x
263 188 90443
166 357 x
428 437 95909
130 21 92228
133 421 96017
26 469 92034
165 380 x
70 345 94290
454 366 x
163 4 91377
211 326 x
414 470 99155
103 98 92395
81 408 99074
11 380 99450
58 35 90156
242 359 x
167 166 95308
414 470 90917
427 363 x
481 426 x
47 280 x
237 151 91039
286 406 x
440 356 x
241 216 91363
297 111 x
206 16 92341
363 211 99449
149 449 91655
47 97 x
183 484 x
313 51 x
226 364 91844
8 58 x
415 53 98728
37 308 x
35 448 97859
119 450 96484
91 331 x
30 459 92579
150 145 96546
338 316 x
410 215 x
187 90 92030
32 176 94824
73 146 x
198 178 x
21 234 96041
42 215 98440
25 146 93781
357 495 94726
497 347 x
309 40 x
219 160 x
260 348 97224
431 408 x
70 113 x
493 8 x
18 54 97093
9 198 91399
446 429 93253
138 337 91577
150 80 99549
37 76 92098
437 224 91690
473 83 x
238 293 x
153 297 x
475 198 x
311 234 x
446 409 x
70 159 94134
85 239 x
278 172 96668
486 185 90687
317 421 x
46 343 x
283 167 91518
437 273 x
107 183 x
403 52 98469
432 260 93721
90 207 x
150 276 99485
264 322 x
121 411 92090
3 456 x
118 39 91121
448 199 x
26 223 96870
297 111 x
5 2 x
490 34 99460
436 25 95325
389 310 97725
466 414 x
262 424 96500
384 415 99911
198 174 99119
241 400 x
31 401 95742
288 224 x
74 165 x
277 195 x
310 305 90024
445 122 x
495 488 90620
296 355 x
82 274 x
261 465 98320
90 141 x
373 361 x
110 461 x
81 408 x
269 347 x
259 22 95897
446 246 x
120 331 x
358 436 94159
54 294 x
178 13 90468
110 274 x
13 330 93875
220 15 x
200 468 91566
183 369 x
408 120 99079
178 269 x
123 214 93046
458 48 97314
202 58 91751
296 86 x
465 212 99332
491 85 x
398 465 92681
491 85 x
9 268 x
225 436 97926
40 18 99630
87 286 x
368 242 97075
62 444 x
223 443 x
308 250 93839
220 15 x
160 8 x
214 228 x
293 410 x
467 45 93894
333 355 x
393 438 95573
120 79 x
25 99 96091
187 19 x
63 377 x
311 137 90294
99 82 x
187 19 93775
342 77 96250
480 51 97885
179 416 x
216 359 93473
329 46 97212
109 319 x
174 13 x
416 378 x
172 141 94588
438 384 99067
350 191 x
470 272 93597
277 233 96001
241 216 x
424 130 x
333 86 91312
36 214 90376
379 261 92316
237 354 x
309 435 x
26 443 x
95 309 x
238 339 x
344 212 x
290 460 91844
340 191 x
301 3 x
9 198 91055
346 197 x
427 211 x
272 376 91281
171 439 x
364 216 x
261 165 94395
24 147 x
206 78 97587
152 402 92256
459 301 92204
420 201 91424
294 214 91211
149 382 91686
160 129 x
99 110 95208
95 423 x
37 76 90918
84 470 x
142 463 98076
116 440 x
495 52 99635
218 346 x
272 152 x
343 103 x
237 472 x
213 299 97103
274 143 91255
342 77 90225
168 151 x
19 172 92986
438 20 x
415 487 x
272 152 x
124 1 x
327 44 92743
420 244 x
442 63 x
389 310 91312
180 327 96248
493 124 x
489 259 x
178 269 92978
269 158 99297
200 468 x
360 381 x
324 210 x
294 228 x
118 413 x
267 64 x
467 264 x
157 299 92736
438 384 91692
284 92 x
354 81 x
206 419 90056
166 335 92264
159 329 x
279 449 90110
490 34 91424
21 353 90853
271 434 x
439 29 x
424 130 x
42 464 x
120 289 99025
426 100 x
236 434 91685
326 498 91207
437 273 x
150 80 98165
166 335 x
124 202 x
251 458 91533
424 21 97739
97 280 92292
223 483 x
469 424 x
122 334 99355
139 240 x
7 201 x
217 223 x
146 320 94175
278 404 97297
407 389 x
306 422 x
457 451 98473
196 329 x
86 232 x
486 153 91926
379 261 90692
12 99 99769
382 59 90088
179 147 x
283 166 93956
486 153 99075
262 130 98040
462 235 x
104 158 95829
315 295 91346
202 499 x
135 130 99469
172 90 x
80 418 x
120 79 x
43 411 99010
98 266 x
74 344 95985
238 42 92243
377 182 97028
435 395 x
436 146 98883
278 404 95223
120 331 x
171 273 91925
330 485 96755
366 60 90654
207 141 91865
171 29 93484
449 337 96364
153 229 x
155 263 95387
495 257 97474
328 362 98945
402 440 95456
2 107 x
102 339 x
377 182 94458
14 93 x
64 107 90558
461 114 97102
61 27 94135
21 234 90229
482 174 99026
273 169 97588
445 322 99517
478 328 93730
414 272 91003
209 170 99692
465 380 x
374 253 x
320 407 95448
351 148 98631
50 467 96056
421 500 x
216 394 x
300 112 96703
206 370 95894
243 323 99488
235 367 98897
361 175 94394
96 364 95679
27 471 x
361 415 96176
108 484 93123
69 105 91218
147 416 99107
352 108 90004
49 206 x
120 79 96237
418 261 93583
44 489 97180
52 144 96804
208 300 91423
193 180 94243
305 50 91715
371 108 x
308 180 x
224 273 97414
262 135 x
482 13 91767
255 351 x
160 8 x
149 382 x
408 492 x
414 341 97442
347 393 x
138 298 93600
368 364 x
4 454 94555
398 465 x
28 251 94190
379 261 x
176 93 99830
10 325 x
330 497 x
411 125 90342
69 421 90810
22 276 x
27 471 92820
171 439 92397
362 95 x
264 122 x
412 36 x
110 82 x
369 108 97659
213 157 93799
322 375 x
498 247 x
195 201 93487
122 334 92706
184 194 97229
118 349 x
14 16 x
154 466 96280
24 179 98986
344 218 92749
412 36 x
35 96 x
264 128 x
341 152 x
261 465 x
132 92 x
332 175 x
267 315 x
186 367 90631
154 177 92710
224 439 x
373 361 94154
314 334 x
356 222 99324
279 101 92190
196 302 x
131 205 96316
189 442 x
315 190 94268
23 480 92109
341 272 95072
445 322 x
429 281 x
252 246 91848
39 248 x
226 241 x
10 100 92287
283 77 x
444 88 x
410 68 x
269 497 x
349 365 99618
425 135 90479
239 284 x
449 321 x
196 109 95115
22 318 x
491 477 90481
74 11 x
389 274 x
90 207 92033
240 251 x
189 377 93422
486 153 90755
342 479 x
364 216 97942
226 364 x
185 297 x
185 229 x
422 398 x
413 248 x
70 113 x
79 331 x
465 380 x
183 369 x
374 478 96671
59 115 97344
124 202 x
270 476 x
424 311 91533
409 290 97460
25 99 x
324 210 x
4 103 x
32 14 x
160 493 95353
165 344 x
325 181 x
358 25 x
238 339 x
483 262 x
74 165 97077
98 266 x
106 468 99893
437 282 98780
242 359 98633
485 104 x
98 243 x
262 130 x
301 55 x
31 313 96793
298 321 x
109 46 99072
226 386 96657
82 274 x
298 337 92185
160 493 x
337 321 95065
241 400 x
444 408 x
309 18 94766
32 49 95073
334 372 x
306 422 93472
297 32 x
370 78 x
177 83 x
54 294 x
81 444 x
208 300 x
246 460 x
154 84 x
164 348 x
1 35 98206
476 275 94644
121 43 x
361 415 x
374 253 90994
495 488 91968
273 439 x
88 120 x
293 410 x
354 62 x
189 63 94223
109 254 x
48 288 99146
340 350 x
426 100 90290
319 46 x
57 332 x
72 116 91007
258 60 x
65 192 x
411 125 99847
347 393 x
388 365 x
340 191 x
388 365 x
14 206 98047
430 44 x
172 141 91697
136 26 93127
71 253 x
390 164 x
31 313 93253
28 251 92375
101 298 91419
111 49 x
284 209 93018
13 269 96685
426 181 98560
161 405 x
110 389 x
353 234 x
263 358 93905
101 138 92693
317 56 90263
221 477 x
52 457 x
354 472 x
239 132 92521
59 280 x
261 74 x
419 61 94469
139 240 x
303 284 92996
95 309 93835
10 100 x
230 494 93894
111 32 x
292 138 x
315 107 x
66 139 96882
197 28 x
230 494 x
412 294 x
18 395 91799
300 196 x
271 249 x
123 312 92946
372 349 99954
458 48 x
293 410 97701
185 229 x
61 210 90069
478 328 96481
347 450 92718
486 229 x
324 340 x
422 399 91151
398 74 90120
452 19 95115
114 338 x
368 242 97072
170 6 x
50 467 90765
471 363 91218
226 364 93028
112 109 x
303 284 x
400 200 91386
87 406 90620
371 252 x
462 235 x
434 102 x
358 146 x
296 213 x
14 16 x
196 329 x
128 349 91711
97 452 90362
472 81 93883
61 27 x
99 407 x
448 199 92855
196 112 96994
459 55 93746
117 299 97543
215 464 96536
224 171 x
124 8 x
199 368 x
28 251 x
339 410 92053
83 414 x
94 354 x
421 396 x
167 77 91023
329 46 x
292 138 x
135 21 97552
409 246 92436
18 412 x
278 19 92556
352 369 94051
263 358 x
17 312 94476
310 204 91308
379 261 x
372 388 93271
97 187 x
280 404 x
342 77 98650
217 26 99665
83 470 99126
149 449 98430
19 141 x
110 461 96387
376 285 91499
314 322 x
234 137 x
119 393 95415
274 114 x
263 247 93509
375 349 96787
344 66 92998
146 12 96811
491 85 x
500 486 98214
64 295 91337
167 357 x
248 390 x
285 116 99268
486 153 91065
164 463 93002
22 80 x
56 75 x
54 294 x
487 134 x
104 497 x
154 84 91050
210 340 x
175 184 x
345 196 99901
23 480 x
347 256 98080
16 419 x
140 235 x
485 104 91143
296 86 x
433 31 x
286 154 92282
233 245 98168
231 476 x
318 379 x
342 335 x
429 460 x
226 368 96995
79 24 x
90 405 x
357 403 98873
193 180 90311
355 117 96770
186 367 x
403 488 x
13 485 x
338 204 x
175 415 x
230 95 x
432 390 96873
429 168 99950
443 424 x
75 486 94134
145 418 96079
457 442 98011
122 375 93409
333 296 x
82 114 92187
242 394 91798
17 228 91962
188 358 97535
108 252 x
252 246 x
131 205 x
282 171 93431
53 219 95281
69 133 98806
206 78 91700
318 379 90540
362 309 x
202 35 93910
14 397 99818
24 147 91672
112 329 92087
341 152 x
321 59 99190
314 122 91604
455 140 x
427 363 x
493 124 x
289 24 x
162 239 90066
383 229 92862
34 69 x
208 159 x
49 14 99673
220 32 x
378 385 x
120 331 x
496 101 99563
366 258 x
414 474 x
338 143 x
420 89 92431
366 221 98994
19 207 x
295 183 x
136 26 x
22 318 92477
68 113 x
223 425 x
210 427 x
42 68 x
290 391 x
409 246 92638
34 133 x
161 405 x
436 320 94169
88 79 x
53 160 93347
263 225 93099
162 132 x
328 362 94654
442 377 95732
415 487 x
416 455 x
462 235 93999
221 85 x
68 70 x
166 77 91115
414 341 91432
355 213 91965
389 310 x
450 393 98690
233 245 95567
296 86 90807
172 141 91272
65 244 92105
485 497 x
454 258 x
260 164 91392
122 372 x
151 431 x
427 340 92607
434 293 94579
498 247 x
344 218 x
232 213 93540
346 139 x
416 203 x
424 135 x
407 110 91216
481 148 98876
302 319 x
152 72 98796
319 254 x
319 163 x
395 294 x
371 484 91100
401 86 x
133 56 x
490 41 97450
81 492 x
36 123 92470
293 42 90993
32 176 96455
342 335 98786
246 391 91514
459 55 92844
316 467 x
393 438 94176
449 337 x
8 1 90560
292 138 x
427 211 x
377 231 99679
277 195 91025
134 194 99134
412 17 90393
441 38 94856
396 383 x
481 148 97222
495 52 99964
442 270 x
184 219 91389
151 472 x
453 247 98221
418 399 x
65 283 94625
81 492 x
67 326 x
169 271 x
377 182 x
27 210 x
176 14 x
64 107 x
470 272 93745
120 331 93115
354 431 x
138 149 x
388 39 94312
276 306 x
286 406 x
136 483 x
282 171 97949
378 385 90696
188 73 90577
50 45 91422
204 467 x
477 126 x
404 90 98649
170 43 x
32 49 x
86 355 x
49 93 99385
421 75 x
24 265 x
207 161 x
106 173 x
22 145 93153
291 299 x
379 399 94601
116 459 94830
453 188 x
296 213 99945
483 425 x
386 241 x
407 389 x
21 234 x
252 409 x
374 125 95019
433 381 x
191 326 95446
226 386 91188
493 1 96943
181 475 94653
272 152 96639
434 293 x
100 181 x
144 63 x
407 110 90750
200 37 91301
499 199 96229
166 342 x
43 374 90847
24 416 98776
432 260 96755
482 174 x
303 92 x
79 91 93253
29 434 91400
436 146 x
23 381 x
256 450 x
319 163 x
479 257 x
227 496 95421
257 457 95899
118 349 90776
194 160 98894
390 260 96998
116 301 90527
50 445 x
373 361 92689
358 25 x
207 161 x
331 265 95866
206 78 x
490 41 94100
366 60 x
347 119 x
356 3 99667
373 57 99666
250 44 x
132 209 90768
415 487 97333
33 125 x
20 415 90345
436 25 x
348 227 93598
246 391 x
432 260 x
257 457 90149
105 56 90828
193 180 98114
66 197 x
445 322 x
456 148 96481
119 373 x
271 236 x
366 491 93230
56 500 95686
366 491 x
473 177 x
11 344 x
222 481 x
219 124 x
296 232 x
144 189 x
404 19 x
247 188 x
427 340 x
202 499 x
373 57 x
243 221 x
396 185 94444
245 420 90493
397 419 93873
388 39 93919
168 237 91416
175 487 90879
461 114 x
312 7 x
23 381 x
348 227 x
187 90 91382
85 239 92803
121 411 92347
146 12 92639
23 367 x
88 289 x
343 4 95137
267 64 x
190 183 99072
440 301 x
294 214 98827
311 137 94437
381 480 99320
361 20 95309
409 246 x
101 449 93816
185 220 x
124 202 90447
316 445 x
35 226 x
111 14 x
198 482 x
81 88 94693
311 490 98615
263 188 96606
421 500 x
58 199 x
30 356 x
377 270 92494
6 374 92320
337 59 x
439 236 96713
163 98 x
405 87 93402
431 492 x
293 339 x
323 366 94487
400 106 x
280 187 94526
156 475 97950
149 382 x
368 242 91853
235 23 92672
150 145 x
437 282 x
211 191 92031
269 347 90166
317 56 92399
357 403 98695
372 349 92036
293 42 95083
222 351 93294
385 235 97430
3 351 90250
181 287 x
54 36 x
330 269 97958
282 169 x
397 370 x
336 133 98876
137 34 99137
88 79 x
70 345 x
141 286 98737
301 356 94340
345 159 90702
290 460 x
261 465 91160
296 355 92701
84 83 94070
12 407 x
357 495 x
340 363 x
224 439 x
451 270 x
418 379 92990
198 178 x
83 414 x
49 397 x
202 35 97074
237 62 x
123 312 94317
428 224 95993
467 445 x
94 62 x
422 398 97661
406 473 97095
285 30 99802
383 153 93053
412 17 x
39 131 91657
245 201 x
156 482 x
30 459 93596
20 175 x
406 154 96913
186 367 x
252 446 99643
136 483 96566
498 263 91371
263 358 x
192 167 x
53 194 92059
468 193 90593
115 280 x
171 29 91853
450 332 x
476 275 91746
416 455 91468
149 382 97676
485 104 91271
299 26 90017
334 128 x
448 226 98524
226 386 90773
500 383 x
168 94 x
446 409 93578
406 473 90684
142 227 x
177 83 x
44 150 x
419 78 x
108 127 90516
139 458 x
491 162 x
225 436 90831
254 4 x
50 314 x
319 46 x
113 196 x
288 224 92791
360 23 92256
415 53 98887
375 372 90659
411 33 97697
208 159 90461
96 364 98559
121 411 x
218 66 99844
228 277 91771
146 407 94247
228 417 92295
472 408 92578
149 449 92056
290 391 x
305 45 x
249 102 92241
91 24 99437
53 219 x
184 219 97051
232 291 x
9 198 92026
143 50 x
464 70 x
366 258 x
357 495 94064
430 327 x
406 466 x
309 435 92841
479 257 92861
81 88 96899
148 100 x
25 320 98998
194 219 97006
343 254 x
88 91 x
411 125 99274
422 398 x
326 453 91953
141 161 95625
456 10 96643
223 469 x
29 249 93394
94 151 x
466 84 96321
13 330 x
469 262 x
320 12 x
346 240 x
256 119 x
38 22 x
148 100 x
186 23 x
132 170 x
335 495 x
64 190 90160
209 6 x
16 61 91167
417 420 x
483 443 99099
27 210 99621
358 146 90220
337 115 x
42 464 x
277 233 x
493 1 99873
96 368 x
51 86 x
127 409 97886
14 397 98978
70 208 x
100 156 x
250 327 x
196 109 99301
5 2 98755
224 273 91164
308 250 96679
286 154 x
259 145 x
98 266 x
234 41 x
74 11 x
488 144 x
326 453 92634
415 184 x
240 48 x
447 315 x
230 494 95425
193 250 93820
332 175 91911
7 245 x
212 218 91246
466 83 95036
84 83 96301
53 134 x
382 115 x
132 121 92984
176 93 x
218 66 90873
429 168 x
193 430 90430
489 22 x
392 182 x
4 103 90899
241 400 90883
354 472 91181
447 315 x
310 305 91977
249 102 x
229 220 x
238 339 90192
274 310 x
147 203 x
254 98 x
156 482 93977
135 130 x
100 181 x
164 227 96299
14 16 x
72 285 90881
215 70 x
206 78 x
66 346 x
271 236 96955
224 171 95722
267 2 x
280 404 x
455 385 97744
361 175 x
397 16 x
286 154 91876
461 82 90994
249 238 x
135 21 95197
234 41 95242
268 178 97278
10 426 98749
237 151 99066
93 16 x
305 50 x
330 104 x
234 490 x
252 127 92439
434 293 94965
210 350 90711
468 37 96879
263 188 94660
411 71 96951
294 123 95594
305 50 98314
66 28 x
451 392 x
131 260 92204
107 183 95053
417 7 x
79 24 x
363 67 x
106 468 x
183 369 x
226 368 x
381 313 93324
310 143 91723
55 255 x
98 323 x
28 48 x
49 397 95561
229 111 99007
62 444 91690
376 402 92924
157 136 99883
400 200 91472
166 357 x
305 316 91768
196 109 92610
454 243 x
100 181 99625
161 87 99345
253 478 97618
292 496 94911
364 359 95022
38 259 95089
216 359 90563
237 354 92568
295 371 96052
268 13 x
460 168 98642
477 126 92906
382 47 97814
458 428 x
486 383 92841
491 85 95631
279 101 x
435 54 99855
93 397 x
191 326 95070
90 161 x
252 446 97473
295 352 96258
461 389 x
423 40 91217
278 187 98647
122 334 x
45 314 96716
188 25 97300
242 106 95498
30 55 93571
249 293 x
195 65 92394
149 449 99393
364 241 94637
408 120 x
23 381 x
297 15 x
142 348 x
186 433 x
163 266 x
388 365 x
396 486 x
181 287 x
188 73 98883
318 306 x
181 156 x
298 321 95040
223 483 x
198 482 92842
238 410 91441
87 286 x
235 367 x
274 338 94627
359 200 x
319 46 x
201 89 x
303 132 x
220 111 99409
230 95 x
312 417 x
274 338 99496
164 142 97646
148 10 x
300 329 98379
386 364 x
86 232 x
451 392 92934
188 25 x
22 276 x
199 386 97700
486 185 94356
248 205 98020
395 36 94690
68 113 91312
190 295 x
61 27 x
281 168 x
209 6 x
30 356 99232
153 297 94339
230 494 x
346 28 93315
71 374 x
417 420 x
400 200 x
85 477 90821
190 295 96943
163 4 x
139 28 92982
54 17 x
393 332 91037
53 160 93693
343 163 x
163 98 x
104 256 x
395 294 92622
305 50 96756
225 188 92316
79 91 99551
192 283 x
126 162 96461
59 97 93767
490 336 x
373 361 x
179 378 91518
228 417 x
404 207 x
28 458 x
336 317 x
375 413 91282
240 251 x
457 189 x
55 222 94969
452 404 x
455 385 x
56 500 x
28 240 x
415 53 x
366 221 x
334 128 91724
39 248 x
281 94 95418
23 433 x
83 470 99418
290 429 x
463 292 x
68 208 x
68 70 x
413 365 93420
330 269 93181
289 91 x
190 371 x
457 189 x
483 469 x
272 152 x
376 116 x
427 350 x
425 262 97395
323 221 x
175 184 x
87 473 x
212 218 91542
161 406 93033
442 270 x
35 96 97563
423 435 x
419 27 93597
3 255 91562
338 204 x
395 412 92709
46 4 95042
126 162 93287
170 411 93498
447 267 x
132 170 x
219 493 94818
6 71 94652
21 137 x
132 170 x
464 113 99754
64 295 x
227 496 95906
371 108 x
435 54 x
374 33 x
463 496 x
67 326 x
165 465 97287
465 344 99723
72 376 x
89 283 90390
126 162 98216
362 309 92146
432 390 91558
486 153 x
340 350 99576
48 428 90392
4 266 93072
156 482 92071
479 488 90599
361 20 x
251 288 x
444 120 90009
77 403 x
244 166 98135
39 432 x
454 366 x
17 228 x
224 282 90946
283 342 94514
146 99 x
263 358 x
246 460 x
249 293 92757
75 486 x
471 363 x
323 258 x
425 262 x
213 291 x
70 345 x
409 246 99164
188 73 98045
102 238 x
8 129 x
396 185 90882
228 233 x
209 170 x
73 12 93237
378 140 95577
90 141 x
232 117 97625
37 308 96171
5 2 x
422 398 x
145 306 90431
259 276 x
200 173 x
71 33 98531
398 165 96792
83 272 x
67 326 x
381 401 x
175 184 91150
311 490 x
457 451 x
253 494 99189
352 371 x
80 306 94049
337 115 x
15 49 x
65 89 95955
186 360 x
364 241 x
477 126 98814
259 22 x
401 333 96788
143 305 91258
389 338 92379
24 265 x
99 82 96832
179 416 98772
344 66 x
155 225 96148
230 95 92530
450 57 x
321 59 x
79 265 x
41 304 x
398 11 x
214 277 x
21 234 97117
396 486 x
431 408 90477
402 459 96855
1 499 99858
377 231 x
185 220 98296
13 485 x
331 265 x
25 12 x
55 456 97957
166 342 97868
240 48 x
103 266 98175
9 198 98608
222 481 90356
458 437 99180
22 318 x
200 37 x
151 472 98646
34 304 x
459 356 91044
141 286 x
329 302 x
372 388 96028
480 51 x
456 351 92104
273 169 x
41 69 96936
236 102 x
339 464 91197
286 473 x
257 457 x
181 9 x
151 431 99564
365 131 96412
185 229 92643
19 90 92607
376 116 90208
8 202 x
118 39 99159
442 451 98344
60 85 99487
312 417 93005
322 334 x
429 281 95730
263 247 90805
96 386 x
201 192 x
49 93 90271
9 268 x
233 7 x
492 289 x
64 352 x
286 154 95519
167 357 x
373 438 90412
182 275 92862
440 30 x
239 132 x
352 183 x
295 352 x
253 328 92228
245 420 x
361 384 99320
313 333 90725
50 467 96957
445 314 95140
177 414 x
134 219 90856
55 456 x
195 420 x
29 249 90218
155 263 91909
6 71 x
442 270 x
85 126 x
327 38 x
444 120 94651
145 80 97120
45 322 x
151 472 x
173 308 x
395 36 95513
480 313 94958
348 279 x
285 116 x
152 72 96096
55 3 x
452 19 94979
186 433 x
447 267 x
480 401 x
29 271 x
101 149 95194
215 70 x
411 33 90995
92 121 90624
342 479 90055
86 232 91486
477 303 98778
118 413 x
401 296 x
364 359 92416
339 42 x
31 333 90349
491 126 x
204 305 x
44 150 x
481 100 91546
410 42 x
20 415 98565
462 186 x
31 333 96611
349 39 99231
201 192 x
56 486 x
450 393 x
357 335 90541
492 88 x
357 479 x
130 234 x
467 264 95982
261 398 x
490 304 x
52 442 x
27 471 91316
123 277 x
189 451 x
216 359 x
455 385 92655
490 41 x
130 353 x
465 11 98405
60 85 90613
56 500 x
319 254 96484
252 127 99750
265 147 x
117 291 x
191 498 90645
295 183 x
257 52 x
421 75 99548
417 245 95793
326 263 93439
119 373 91364
224 273 x
312 7 x
178 330 x
67 155 x
335 488 95912
60 85 94027
156 482 x
241 242 90862
184 53 91758
12 461 99763
257 144 x
401 333 90022
388 432 x
310 305 96173
495 52 97130
200 468 98227
48 224 91278
75 500 99122
244 283 90087
397 206 90223
318 418 x
83 272 x
282 169 98338
432 131 90374
18 54 x
239 284 x
259 145 x
90 405 95434
190 352 92591
137 34 x
438 20 x
141 286 96947
365 432 94159
296 213 98844
271 236 x
271 102 x
126 162 96057
487 184 x
182 387 x
363 67 x
484 409 x
385 360 94969
236 249 x
21 311 x
308 180 x
345 159 x
284 209 96021
426 100 x
327 44 92967
112 302 98400
2 190 x
56 486 91948
31 313 96022
213 291 x
85 239 x
66 346 90120
122 375 x
358 25 93379
411 71 97455
154 466 x
288 171 95901
26 483 x
301 356 x
293 339 90202
93 16 91518
322 122 x
89 167 x
155 225 x
192 283 x
350 211 95209
29 249 x
239 303 94991
399 74 x
158 347 x
252 446 91842
91 179 x
418 261 98450
194 160 x
42 70 98240
414 272 x
307 223 x
335 479 x
279 149 96718
259 22 x
272 72 94682
291 136 x
70 159 98327
132 170 90432
441 327 91803
495 52 x
332 175 x
343 4 x
195 65 x
378 140 x
16 419 x
381 401 x
105 75 90836
205 164 92388
356 3 91987
54 36 x
334 128 x
268 178 92108
26 223 x
13 330 92776
76 250 x
146 12 x
158 119 94973
136 217 x
498 225 90690
152 402 98782
418 422 x
422 398 90107
499 35 91051
267 64 92523
407 461 92966
128 375 x
137 34 x
270 476 x
467 45 x
249 434 x
78 324 99332
329 302 99616
144 457 x
414 474 96546
423 40 x
27 471 x
236 434 x
132 209 96039
246 290 91345
168 354 x
445 322 x
150 276 93069
475 9 99126
434 293 x
80 318 x
231 476 x
117 307 90859
336 317 x
371 369 x
449 298 96670
433 480 x
293 410 x
39 365 92305
230 95 92869
6 71 90467
196 302 x
336 317 x
79 265 90338
239 132 94459
273 439 92366
225 247 x
385 186 x
143 316 x
21 137 x
251 458 90389
421 396 x
195 201 x
232 157 x
77 403 98525
461 389 x
356 55 x
445 122 x
368 242 96254
162 284 90738
299 217 x
451 182 x
353 234 99427
223 469 92191
234 34 98549
227 279 95735
108 252 93164
391 168 x
282 439 x
258 221 90610
384 415 95915
331 147 90885
497 256 x
34 304 91213
410 42 97758
491 477 x
353 137 93450
426 325 91791
460 281 x
184 194 x
168 237 x
79 331 96955
78 210 98921
102 410 92199
462 186 x
378 203 x
170 43 90579
34 304 x
290 281 x
106 468 92563
47 97 x
462 360 96976
420 89 95338
159 300 90451
126 239 96689
441 327 98760
498 225 x
144 442 x
341 474 x
350 211 x
59 115 94946
283 77 x
203 455 x
173 37 x
299 307 90120
213 299 x
218 346 x
380 212 92529
104 347 97314
141 161 x
398 11 94311
226 386 92146
14 206 x
258 491 94544
492 88 93251
476 275 93207
306 399 91596
420 65 96934
52 457 x
115 280 x
394 173 x
386 368 x
338 316 99487
81 492 x
290 281 x
224 273 94264
494 362 92079
297 32 x
181 9 92467
232 291 x
206 419 98823
118 388 98910
265 147 95078
13 485 92005
413 39 91492
63 392 95028
206 16 x
210 471 x
86 117 97603
88 289 x
494 309 90334
3 351 x
453 225 91349
71 33 x
229 220 93755
33 125 96011
153 297 96834
327 489 96587
420 89 96566
165 344 x
161 406 x
236 102 97405
214 233 92400
225 436 x
325 287 x
279 149 x
426 325 x
229 297 x
117 299 98867
358 25 90766
446 409 90267
170 121 x
209 92 x
160 129 93370
268 178 91851
113 345 x
342 479 99269
285 30 x
50 445 x
116 459 x
50 445 90472
48 437 x
445 122 90639
225 247 94656
53 194 91437
342 77 98363
35 199 x
230 328 x
74 11 91767
297 15 92130
148 10 x
145 418 94928
82 310 96027
383 153 x
31 51 94795
343 103 91940
271 102 99196
469 443 94330
369 127 99605
160 8 95864
135 353 90908
32 176 x
130 21 x
1 499 98663
359 106 x
375 413 90912
303 284 x
141 87 97381
435 18 96613
309 423 x
431 444 x
324 210 98219
42 68 x
324 471 97524
340 350 93705
152 72 93848
372 413 91338
430 44 90157
232 291 x
257 189 x
107 352 x
17 214 91247
26 483 x
125 230 90803
136 217 x
432 260 x
411 71 x
474 376 94639
220 111 95762
81 444 99062
457 451 x
118 388 x
390 260 92030
84 414 x
173 468 91346
409 460 95428
75 396 x
333 355 96475
194 493 x
92 43 97727
267 315 x
415 134 96518
433 480 x
445 264 x
145 306 x
467 445 91824
11 212 99427
88 79 x
412 17 x
44 259 90413
179 378 x
126 239 x
377 270 91037
347 450 96816
260 348 92516
338 204 96224
239 303 x
495 52 93268
32 176 x
119 450 x
54 294 x
20 175 x
192 283 x
420 244 98814
95 423 x
242 359 92973
307 26 95631
408 289 x
205 463 91933
420 244 97974
10 325 95660
370 27 98394
210 427 x
282 439 94271
375 413 x
114 143 x
156 475 91715
223 443 x
270 392 x
304 336 91070
264 122 90473
170 411 90945
146 99 90523
319 343 90902
250 44 95060
135 130 93022
343 4 x
156 475 90182
249 102 x
95 309 x
123 228 x
170 121 94133
28 251 99298
309 423 90530
445 322 x
382 47 x
130 311 98707
209 6 91382
228 277 x
305 467 98780
107 295 99961
68 208 x
365 131 91911
313 296 96106
157 136 x
468 193 98693
208 159 x
158 450 91159
380 346 x
24 416 x
377 270 93794
97 452 97427
307 136 x
411 71 x
272 376 97511
244 167 x
301 55 x
441 38 92520
225 358 x
349 413 x
223 425 92490
203 462 99651
441 38 x
173 76 x
179 203 91057
481 426 x
324 340 x
1 202 x
270 392 95934
86 117 x
128 375 x
163 103 96698
208 159 93298
326 263 93806
251 458 92936
244 192 x
197 240 x
168 94 x
94 62 97870
265 147 93728
437 224 x
259 22 x
480 401 x
34 69 96228
38 150 x
282 273 95244
27 324 x
482 13 x
346 197 94838
8 129 90608
296 213 91769
307 136 91756
126 303 x
436 25 99886
261 398 96522
246 290 92093
468 308 x
348 279 x
316 445 98998
33 230 x
436 73 99494
470 72 x
347 119 92731
108 484 x
182 275 98317
410 68 x
400 106 92704
475 198 x
24 147 x
133 317 90848
53 219 x
343 254 98049
391 94 x
460 391 95816
75 383 98349
243 221 91083
96 364 x
32 14 98447
409 290 x
209 6 95028
54 123 x
375 349 93253
49 93 95576
247 436 x
334 372 91522
39 365 93723
276 306 91127
449 337 90792
402 459 x
155 263 x
359 106 x
119 373 x
484 409 90426
35 96 93822
395 36 x
483 262 x
203 462 97206
46 254 95732
409 429 99968
299 26 x
170 43 x
23 480 92363
295 183 x
128 118 90960
41 34 x
463 227 x
209 121 99739
137 304 97930
382 115 x
385 235 93570
428 437 94983
316 50 x
348 227 x
262 135 92826
448 199 x
148 325 95600
225 436 x
48 288 x
322 375 93729
402 30 99456
226 241 91822
343 163 97244
327 489 x
338 316 x
384 487 91456
272 152 x
304 336 97028
89 192 96021
119 450 91395
307 223 x
114 204 91101
290 391 92168
109 343 91596
471 350 x
9 198 95725
438 384 x
492 289 92624
48 437 x
217 26 91182
437 273 92804
143 305 99297
348 496 x
427 350 94092
121 43 x
161 87 91909
483 443 x
169 236 98963
381 401 90678
445 122 94185
133 421 x
406 154 91421
71 253 95501
279 449 x
213 157 x
182 275 99173
494 362 92511
234 137 x
303 209 99813
82 114 x
251 458 x
497 158 96091
446 290 94255
14 93 90552
423 435 x
351 10 95018
126 303 98453
91 265 x
115 47 91750
306 422 96678
129 1 94286
337 115 x
156 9 x
115 97 x
95 309 92001
285 440 95360
415 53 93163
108 484 x
169 271 97265
267 315 90209
256 393 x
21 311 95970
283 166 92854
319 163 x
243 258 95885
17 214 x
245 201 x
381 313 97625
281 94 x
285 440 x
47 278 x
250 44 94494
285 402 x
256 393 94422
410 42 x
292 496 96030
126 303 99053
65 244 90143
3 255 94977
458 428 x
108 252 91955
131 390 93708
125 230 92409
181 475 98994
477 162 x
331 179 94188
109 254 x
53 134 93926
457 63 x
72 285 97145
143 305 92256
55 3 x
17 214 x
116 30 90138
65 283 93074
49 93 97875
122 372 94079
168 354 x
9 482 x
70 208 92809
129 58 92478
265 378 x
289 91 97982
18 54 99907
393 57 x
42 70 92510
88 120 x
438 384 x
356 3 x
58 35 x
156 9 97202
493 124 x
395 412 x
361 20 92223
362 95 93270
133 56 98087
10
190 387
5 387
64 387
315 387
2 387
447 387
267 387
295 387
352 387
107 387
