Case #1: 1
1 1 1 
Case #2: 4
1 1 1 
1 2 1 
1 1 2 
1 2 2 
Case #3: 2
1 1 1 
1 1 2 
Case #4: 2
1 1 1 
1 2 2 
Case #5: 1
1 1 1 
Case #6: 18
1 1 1 
1 2 1 
1 3 1 
2 1 1 
2 2 1 
2 3 1 
1 1 2 
1 2 2 
1 3 2 
2 1 2 
2 2 2 
2 3 2 
1 1 3 
1 2 3 
1 3 3 
2 1 3 
2 2 3 
2 3 3 
Case #7: 18
1 1 1 
1 2 1 
1 3 1 
2 1 1 
2 2 1 
2 3 1 
1 1 2 
1 2 2 
1 3 2 
2 1 2 
2 2 2 
2 3 2 
1 1 3 
1 2 3 
1 3 3 
2 1 3 
2 2 3 
2 3 3 
Case #8: 9
1 1 1 
1 2 1 
1 3 1 
1 1 2 
1 2 2 
1 3 2 
1 1 3 
1 2 3 
1 3 3 
Case #9: 2
1 1 1 
1 1 2 
Case #10: 6
1 1 1 
1 2 1 
1 1 2 
1 2 2 
1 1 3 
1 2 3 
Case #11: 3
1 1 1 
1 2 2 
1 3 3 
Case #12: 4
1 1 1 
1 2 1 
1 1 2 
1 2 2 
Case #13: 8
1 1 1 
1 2 1 
2 1 1 
2 2 1 
1 1 2 
1 2 2 
2 1 2 
2 2 2 
Case #14: 3
1 1 1 
1 1 2 
1 1 3 
Case #15: 8
1 1 1 
1 2 1 
2 1 1 
2 2 1 
1 1 2 
1 2 2 
2 1 2 
2 2 2 
Case #16: 4
1 1 1 
1 2 1 
1 1 2 
1 2 2 
Case #17: 27
1 1 1 
1 2 1 
1 3 1 
2 1 1 
2 2 1 
2 3 1 
3 1 1 
3 2 1 
3 3 1 
1 1 2 
1 2 2 
1 3 2 
2 1 2 
2 2 2 
2 3 2 
3 1 2 
3 2 2 
3 3 2 
1 1 3 
1 2 3 
1 3 3 
2 1 3 
2 2 3 
2 3 3 
3 1 3 
3 2 3 
3 3 3 
Case #18: 2
1 1 1 
1 1 2 
Case #19: 18
1 1 1 
1 2 1 
2 1 1 
2 3 1 
3 2 1 
3 3 1 
1 1 2 
1 3 2 
2 2 2 
2 3 2 
3 1 2 
3 2 2 
1 2 3 
1 3 3 
2 1 3 
2 2 3 
3 1 3 
3 3 3 
Case #20: 4
1 1 1 
1 2 1 
1 1 2 
1 2 2 
Case #21: 1
1 1 1 
Case #22: 8
1 1 1 
1 2 1 
2 1 1 
2 2 1 
1 1 2 
1 2 2 
2 1 2 
2 2 2 
Case #23: 3
1 1 1 
1 1 2 
1 1 3 
Case #24: 9
1 1 1 
2 2 1 
3 3 1 
1 2 2 
2 3 2 
3 1 2 
1 3 3 
2 1 3 
3 2 3 
Case #25: 8
1 1 1 
1 2 1 
2 1 1 
2 2 1 
1 1 2 
1 2 2 
2 1 2 
2 2 2 
Case #26: 27
1 1 1 
1 2 1 
1 3 1 
2 1 1 
2 2 1 
2 3 1 
3 1 1 
3 2 1 
3 3 1 
1 1 2 
1 2 2 
1 3 2 
2 1 2 
2 2 2 
2 3 2 
3 1 2 
3 2 2 
3 3 2 
1 1 3 
1 2 3 
1 3 3 
2 1 3 
2 2 3 
2 3 3 
3 1 3 
3 2 3 
3 3 3 
Case #27: 12
1 1 1 
1 2 1 
2 1 1 
2 2 1 
1 1 2 
1 2 2 
2 1 2 
2 2 2 
1 1 3 
1 2 3 
2 1 3 
2 2 3 
Case #28: 6
1 1 1 
1 2 1 
1 1 2 
1 2 2 
1 1 3 
1 2 3 
Case #29: 12
1 1 1 
1 2 1 
2 1 1 
2 2 1 
1 1 2 
1 2 2 
2 1 2 
2 2 2 
1 1 3 
1 2 3 
2 1 3 
2 2 3 
Case #30: 9
1 1 1 
1 2 1 
1 3 1 
1 1 2 
1 2 2 
1 3 2 
1 1 3 
1 2 3 
1 3 3 
Case #31: 4
1 1 1 
1 2 1 
1 1 2 
1 2 2 
Case #32: 8
1 1 1 
1 2 1 
2 1 1 
2 2 1 
1 1 2 
1 2 2 
2 1 2 
2 2 2 
Case #33: 3
1 1 1 
1 1 2 
1 1 3 
Case #34: 6
1 1 1 
1 2 1 
1 1 2 
1 2 2 
1 1 3 
1 2 3 
Case #35: 27
1 1 1 
1 2 1 
1 3 1 
2 1 1 
2 2 1 
2 3 1 
3 1 1 
3 2 1 
3 3 1 
1 1 2 
1 2 2 
1 3 2 
2 1 2 
2 2 2 
2 3 2 
3 1 2 
3 2 2 
3 3 2 
1 1 3 
1 2 3 
1 3 3 
2 1 3 
2 2 3 
2 3 3 
3 1 3 
3 2 3 
3 3 3 
Case #36: 27
1 1 1 
1 2 1 
1 3 1 
2 1 1 
2 2 1 
2 3 1 
3 1 1 
3 2 1 
3 3 1 
1 1 2 
1 2 2 
1 3 2 
2 1 2 
2 2 2 
2 3 2 
3 1 2 
3 2 2 
3 3 2 
1 1 3 
1 2 3 
1 3 3 
2 1 3 
2 2 3 
2 3 3 
3 1 3 
3 2 3 
3 3 3 
Case #37: 9
1 1 1 
1 2 1 
1 3 1 
1 1 2 
1 2 2 
1 3 2 
1 1 3 
1 2 3 
1 3 3 
Case #38: 12
1 1 1 
1 2 1 
2 1 1 
2 2 1 
1 1 2 
1 2 2 
2 1 2 
2 2 2 
1 1 3 
1 2 3 
2 1 3 
2 2 3 
Case #39: 1
1 1 1 
Case #40: 6
1 1 1 
1 2 1 
1 1 2 
1 2 2 
1 1 3 
1 2 3 
Case #41: 4
1 1 1 
1 2 1 
1 1 2 
1 2 2 
Case #42: 1
1 1 1 
Case #43: 8
1 1 1 
1 2 1 
2 1 1 
2 2 1 
1 1 2 
1 2 2 
2 1 2 
2 2 2 
Case #44: 3
1 1 1 
1 1 2 
1 1 3 
Case #45: 9
1 1 1 
1 2 1 
1 3 1 
1 1 2 
1 2 2 
1 3 2 
1 1 3 
1 2 3 
1 3 3 
Case #46: 12
1 1 1 
1 2 1 
2 1 1 
2 2 1 
1 1 2 
1 2 2 
2 1 2 
2 2 2 
1 1 3 
1 2 3 
2 1 3 
2 2 3 
Case #47: 3
1 1 1 
1 1 2 
1 1 3 
Case #48: 1
1 1 1 
Case #49: 2
1 1 1 
1 1 2 
Case #50: 2
1 1 1 
1 1 2 
Case #51: 9
1 1 1 
1 2 1 
1 3 1 
1 1 2 
1 2 2 
1 3 2 
1 1 3 
1 2 3 
1 3 3 
Case #52: 2
1 1 1 
1 1 2 
Case #53: 2
1 1 1 
1 1 2 
Case #54: 4
1 1 1 
1 2 1 
1 1 2 
1 2 2 
Case #55: 1
1 1 1 
Case #56: 4
1 1 1 
2 2 1 
1 2 2 
2 1 2 
Case #57: 2
1 1 1 
1 1 2 
Case #58: 9
1 1 1 
1 2 1 
1 3 1 
1 1 2 
1 2 2 
1 3 2 
1 1 3 
1 2 3 
1 3 3 
Case #59: 2
1 1 1 
1 2 2 
Case #60: 4
1 1 1 
2 2 1 
1 2 2 
2 1 2 
Case #61: 9
1 1 1 
1 2 1 
1 3 1 
1 1 2 
1 2 2 
1 3 2 
1 1 3 
1 2 3 
1 3 3 
Case #62: 1
1 1 1 
Case #63: 2
1 1 1 
1 1 2 
Case #64: 4
1 1 1 
1 2 1 
1 1 2 
1 2 2 
Case #65: 8
1 1 1 
1 2 1 
2 1 1 
2 2 1 
1 1 2 
1 2 2 
2 1 2 
2 2 2 
Case #66: 12
1 1 1 
1 2 1 
2 1 1 
2 2 1 
1 1 2 
1 2 2 
2 1 2 
2 2 2 
1 1 3 
1 2 3 
2 1 3 
2 2 3 
Case #67: 1
1 1 1 
Case #68: 12
1 1 1 
1 2 1 
2 1 1 
2 2 1 
1 1 2 
1 3 2 
2 1 2 
2 3 2 
1 2 3 
1 3 3 
2 2 3 
2 3 3 
Case #69: 6
1 1 1 
1 2 1 
1 1 2 
1 2 2 
1 1 3 
1 2 3 
Case #70: 18
1 1 1 
1 2 1 
1 3 1 
2 1 1 
2 2 1 
2 3 1 
1 1 2 
1 2 2 
1 3 2 
2 1 2 
2 2 2 
2 3 2 
1 1 3 
1 2 3 
1 3 3 
2 1 3 
2 2 3 
2 3 3 
Case #71: 12
1 1 1 
1 2 1 
2 1 1 
2 2 1 
1 1 2 
1 2 2 
2 1 2 
2 2 2 
1 1 3 
1 2 3 
2 1 3 
2 2 3 
Case #72: 12
1 1 1 
1 2 1 
2 1 1 
2 2 1 
1 1 2 
1 2 2 
2 1 2 
2 2 2 
1 1 3 
1 2 3 
2 1 3 
2 2 3 
Case #73: 27
1 1 1 
1 2 1 
1 3 1 
2 1 1 
2 2 1 
2 3 1 
3 1 1 
3 2 1 
3 3 1 
1 1 2 
1 2 2 
1 3 2 
2 1 2 
2 2 2 
2 3 2 
3 1 2 
3 2 2 
3 3 2 
1 1 3 
1 2 3 
1 3 3 
2 1 3 
2 2 3 
2 3 3 
3 1 3 
3 2 3 
3 3 3 
Case #74: 3
1 1 1 
1 1 2 
1 1 3 
Case #75: 27
1 1 1 
1 2 1 
1 3 1 
2 1 1 
2 2 1 
2 3 1 
3 1 1 
3 2 1 
3 3 1 
1 1 2 
1 2 2 
1 3 2 
2 1 2 
2 2 2 
2 3 2 
3 1 2 
3 2 2 
3 3 2 
1 1 3 
1 2 3 
1 3 3 
2 1 3 
2 2 3 
2 3 3 
3 1 3 
3 2 3 
3 3 3 
Case #76: 27
1 1 1 
1 2 1 
1 3 1 
2 1 1 
2 2 1 
2 3 1 
3 1 1 
3 2 1 
3 3 1 
1 1 2 
1 2 2 
1 3 2 
2 1 2 
2 2 2 
2 3 2 
3 1 2 
3 2 2 
3 3 2 
1 1 3 
1 2 3 
1 3 3 
2 1 3 
2 2 3 
2 3 3 
3 1 3 
3 2 3 
3 3 3 
Case #77: 6
1 1 1 
2 2 1 
1 2 2 
2 3 2 
1 3 3 
2 1 3 
Case #78: 6
1 1 1 
1 2 1 
1 1 2 
1 2 2 
1 1 3 
1 2 3 
Case #79: 3
1 1 1 
1 1 2 
1 1 3 
Case #80: 4
1 1 1 
1 2 1 
1 1 2 
1 2 2 
Case #81: 6
1 1 1 
1 2 1 
1 1 2 
1 2 2 
1 1 3 
1 2 3 
Case #82: 2
1 1 1 
1 1 2 
Case #83: 12
1 1 1 
1 2 1 
2 1 1 
2 2 1 
1 1 2 
1 2 2 
2 1 2 
2 2 2 
1 1 3 
1 2 3 
2 1 3 
2 2 3 
Case #84: 4
1 1 1 
1 2 1 
1 1 2 
1 2 2 
Case #85: 27
1 1 1 
1 2 1 
1 3 1 
2 1 1 
2 2 1 
2 3 1 
3 1 1 
3 2 1 
3 3 1 
1 1 2 
1 2 2 
1 3 2 
2 1 2 
2 2 2 
2 3 2 
3 1 2 
3 2 2 
3 3 2 
1 1 3 
1 2 3 
1 3 3 
2 1 3 
2 2 3 
2 3 3 
3 1 3 
3 2 3 
3 3 3 
Case #86: 6
1 1 1 
1 2 1 
1 1 2 
1 2 2 
1 1 3 
1 2 3 
Case #87: 6
1 1 1 
1 2 1 
1 1 2 
1 3 2 
1 2 3 
1 3 3 
Case #88: 1
1 1 1 
Case #89: 1
1 1 1 
Case #90: 3
1 1 1 
1 1 2 
1 1 3 
Case #91: 18
1 1 1 
1 2 1 
1 3 1 
2 1 1 
2 2 1 
2 3 1 
1 1 2 
1 2 2 
1 3 2 
2 1 2 
2 2 2 
2 3 2 
1 1 3 
1 2 3 
1 3 3 
2 1 3 
2 2 3 
2 3 3 
Case #92: 8
1 1 1 
1 2 1 
2 1 1 
2 2 1 
1 1 2 
1 2 2 
2 1 2 
2 2 2 
Case #93: 8
1 1 1 
1 2 1 
2 1 1 
2 2 1 
1 1 2 
1 2 2 
2 1 2 
2 2 2 
Case #94: 18
1 1 1 
1 2 1 
1 3 1 
2 1 1 
2 2 1 
2 3 1 
1 1 2 
1 2 2 
1 3 2 
2 1 2 
2 2 2 
2 3 2 
1 1 3 
1 2 3 
1 3 3 
2 1 3 
2 2 3 
2 3 3 
Case #95: 1
1 1 1 
Case #96: 18
1 1 1 
1 2 1 
1 3 1 
2 1 1 
2 2 1 
2 3 1 
1 1 2 
1 2 2 
1 3 2 
2 1 2 
2 2 2 
2 3 2 
1 1 3 
1 2 3 
1 3 3 
2 1 3 
2 2 3 
2 3 3 
Case #97: 8
1 1 1 
1 2 1 
2 1 1 
2 2 1 
1 1 2 
1 2 2 
2 1 2 
2 2 2 
Case #98: 9
1 1 1 
1 2 1 
1 3 1 
1 1 2 
1 2 2 
1 3 2 
1 1 3 
1 2 3 
1 3 3 
Case #99: 18
1 1 1 
1 2 1 
1 3 1 
2 1 1 
2 2 1 
2 3 1 
1 1 2 
1 2 2 
1 3 2 
2 1 2 
2 2 2 
2 3 2 
1 1 3 
1 2 3 
1 3 3 
2 1 3 
2 2 3 
2 3 3 
Case #100: 18
1 1 1 
1 2 1 
1 3 1 
2 1 1 
2 2 1 
2 3 1 
1 1 2 
1 2 2 
1 3 2 
2 1 2 
2 2 2 
2 3 2 
1 1 3 
1 2 3 
1 3 3 
2 1 3 
2 2 3 
2 3 3 
