1000 10
124037946 47158653 521460486 274405381 548806127 353688677 640681497 292321807 88046505 693360741 
607670325 789741007 728245880 800412939 85557835 52616389 43535056 30111080 964401393 570212659 
125555721 517163663 352292576 717939872 37264093 267614746 343947127 69530709 347728877 880538789 
206743863 643416548 854116412 908541008 48983620 262090140 680128946 626703169 421757164 140732694 
192626074 30007327 476971544 293630891 368408356 280856217 690178011 538731259 684282341 491231710 
918070764 99021159 899935314 143658787 832602659 22650008 290153032 67934752 25571070 905434103 
769585031 425635218 932042271 210712370 25057329 512803258 613872332 997680317 982392145 307669724 
393895022 919722063 502000463 542080961 55271699 147478881 893051005 222531638 228028396 299235762 
656149901 191228811 77878223 821339078 487375383 915601173 35271605 334510434 362946328 948966572 
457334589 798704146 516733293 357554477 994268456 538225059 940985437 522932985 224764380 822251177 
484670476 321380469 290682849 232268026 917579785 489920136 22301285 437227569 928566721 73873184 
177596861 829360685 457964297 61533613 794745306 273041807 332779673 804968357 962232536 598619199 
425563275 144525054 366284661 30050791 631428320 393108663 66612112 168403574 369072635 991419727 
353574067 761412767 900245796 55838539 382694020 513137752 803952391 523365302 226034514 712030556 
711944754 893943961 406807694 940031401 125275546 201755527 587706190 821761026 270521111 468207123 
78891724 296994414 111003107 794054231 90097381 564522167 545361183 786095471 211666587 328100588 
687218254 360058363 935328403 229949407 184483800 214643362 403516311 439051176 62495625 828980362 
420107542 57830432 17028878 57468895 246632351 52802406 230717567 617198678 733940586 3404895 
671761617 24876960 534731471 522283311 662894175 131368950 503270605 608988097 227143018 179585173 
176330628 633474116 588852373 828756542 294261435 253438378 50699112 333314485 623788635 297324586 
205314255 56572995 599912690 23780799 7066519 549736501 638704177 52275367 809840376 481181531 
900031854 185572327 297099527 131391882 721285155 756438466 640428351 222204187 869640301 54754884 
182042881 974891881 23263118 163991485 378066961 839341911 513014891 246762303 601708309 189127623 
777098767 912096031 60043801 319096356 297795110 695857017 382159630 966697177 914027395 286230187 
287794246 651491799 215610522 51720664 591438586 907278612 640551431 18332519 213524932 447891206 
990060805 108790659 378704677 741376812 425555448 683261594 895841280 444205702 989564644 161691102 
329600541 170053143 60278259 423230918 65047208 413776234 656696307 696856204 453006512 146155787 
940493525 786916017 847612840 375157001 494743599 674448757 315442664 861401979 831645627 790016352 
88924973 726615800 128400854 809852604 248786709 806612253 445800962 196911640 298685348 232691979 
585294181 486816455 410901442 127272422 354464071 728609119 121734587 453500247 135252376 39077434 
919741886 757837323 49074023 828272632 914446430 509997618 867127148 884632059 913982739 113354241 
222824575 90362602 436482234 439774768 232900127 291134255 834543633 887344764 757222125 468648825 
501418556 257257510 845663022 100231994 411507524 448723059 856454988 41837865 668403346 88043306 
950113877 419125186 945613176 639579417 255209594 294967234 523812264 303073936 999311761 828709548 
73915323 393291236 426814356 548807494 889195947 579262958 567492896 517683740 493957466 163695754 
422379511 577874940 734391049 33373464 632021887 564238456 434169825 985488126 226129729 39637095 
532787310 577809443 486175082 849200228 230656798 313492342 889838925 682263374 248344263 612206437 
20927967 190007495 313918750 746997862 372002873 36772789 543210817 526444402 932935194 770145475 
269282862 499993733 114397282 140748001 764676426 687271200 416154008 756929472 44817627 51796166 
881512550 156708439 153151117 498798979 960086552 878423393 85702129 838737504 747111712 801151964 
123625209 684455408 819817364 262481292 394624126 757146311 597308846 183760246 105235131 199537661 
593095756 866083941 665887183 2552751 43417965 384120680 896530494 660712830 133151930 93187666 
419878257 498763022 408838651 69837369 504646705 37739657 830418846 592835576 210752816 589974297 
231774003 73089196 722190720 303801202 378126834 729489979 687127834 543263301 31120180 8609736 
818930009 53583054 422505206 86176321 578639740 535635783 661340249 924249298 897026856 6187891 
254766116 672233839 51571939 788133652 152292161 66340173 951862426 991824501 166437180 615168361 
842830875 626233057 285524679 309033216 5980059 864886057 509923384 737439765 25802802 761762850 
286097418 919630318 169745499 6864677 758839640 395437975 512940662 205622414 178273893 840371806 
70355780 386716733 716023575 835208789 116326001 697216536 919366518 970322132 322532102 326490247 
647970354 31528179 608329203 396046070 239269659 4182037 473787019 4239447 344903079 43398743 
708134663 458429853 290693999 9370917 475084546 514422850 329080498 837032 437270011 876841154 
267375825 822584652 109914583 780981534 915064017 533915206 180102492 614014810 833085917 921648653 
128596663 912737279 196668865 317195738 817946103 958378138 34675054 43268396 234936207 190147131 
623292798 793871431 642172632 289711095 583795878 759882416 294171789 420734310 544612933 867388850 
857126221 655573285 64948444 23965916 467344413 704518997 786881684 256977537 345619683 389611547 
700779955 744490552 271597292 789711390 492394279 705728345 98008935 688019724 928970499 847748486 
861963239 132880405 474854141 745925919 125369573 375067758 93790956 190037452 870668348 180872144 
132483920 128254199 667313067 332438262 22988746 60608078 836108119 209818659 803259807 29907526 
178774086 412009882 793087545 726196885 116089573 680994851 530604455 672406707 833023363 644001164 
863854872 154871393 243131091 153339686 639879524 45968418 65741934 297270340 433372547 929305018 
763766095 786763968 504111379 822255798 373132374 161201014 498991831 12011236 446490309 959900871 
899258162 120104151 856091334 532292886 843629232 617163876 637159906 773151566 917353598 303271720 
575574923 274756443 170234093 533642495 24586132 35505325 247966707 524874382 834582708 175780024 
530928554 849106875 143384327 546064758 386443983 82554416 17002635 932448228 18696515 715526107 
139503016 859640448 473016462 700562801 869693345 64689106 49171031 704707814 125720356 715989216 
648132334 221153270 636460224 639348664 863581634 794888864 242042217 100179434 39506411 255308197 
118650102 667010827 925377697 505137422 789940387 450669363 117223362 947972771 956774799 752493952 
644663377 103070837 219205439 498414225 533172466 38715221 322363929 7798026 290882671 739257690 
630631914 696170008 329027637 512092255 715748449 112502755 127319768 286521474 394260370 131440669 
217870987 68112550 436655220 816780411 545107880 990076659 725935459 955716406 570881838 551638865 
160994462 411990410 50049342 12061679 452835018 2388022 477931422 233782211 927417709 528364547 
765562934 8195327 442741108 363436086 29239190 725111202 50330541 827023644 50663788 40560102 
516888911 450156679 449578259 36050129 549196398 207760970 2845183 712135338 658012295 905649855 
11288146 858633593 208869114 164604226 444964172 374384014 70741897 813323956 242189266 700646396 
640220382 624922617 133123310 188109593 537232643 978224250 354821198 946185471 266730472 83861668 
817035971 257366542 108721633 840209511 938164419 916123496 827435557 33221047 153137384 763927924 
756024656 755542798 165587567 75826780 68911584 801020393 355081146 27486862 987614397 57453382 
297958607 317368639 100311979 611799085 811555286 713865956 278629334 42825764 301297055 724534199 
749257294 15821753 368102425 42866231 279181446 548856061 276339932 928546216 32003799 949574659 
682517920 627505296 653037308 423613796 518841540 168332088 25296533 427520190 990477256 976964657 
286319013 176571184 580037075 646347980 484283667 340011488 387061295 188409761 642181420 965030005 
474622663 146067209 50627616 71337885 108576432 597289891 526963840 433687433 815059101 756644563 
681513927 928864876 445534569 321707326 518936782 364968704 798097041 416793935 267762261 908432129 
876825783 912782774 955220353 370552239 486695456 565514212 284224601 197595728 203890999 46508175 
992378952 173451948 944128777 907388981 555314334 235796880 980156870 952788369 887782671 815735116 
73356102 620599335 462855218 627505716 54946177 402261182 60398594 497760546 267190038 638744032 
154323554 350070258 150461894 988052061 77348753 81289733 26571509 563590085 676627642 35634879 
69537839 891139313 156955751 2237450 168385954 947023995 889612040 31309007 166298781 383399745 
860398961 405139332 402152472 203835110 820996953 164991130 365333290 888105041 299825629 203386123 
874425748 114859564 727169530 616763090 558284341 818963302 641003286 434883953 524063123 592312753 
153713016 242033773 33185881 9586693 721660107 101128653 364011988 887769371 216768159 295777439 
756151924 921307635 480493800 596509555 394289745 800208975 516406397 197833439 63131043 187416886 
17667994 473773049 809963849 810221426 344314975 888566496 89144644 558627345 802825039 946904371 
61680952 66564840 965649874 668039320 49746674 299795723 440484019 656787767 63417564 815633238 
384466594 698828860 6945931 840550120 320570035 100149849 253140275 19338146 994118365 845461057 
3051052 466618541 383877756 690252590 948367735 931666673 48014544 882325340 489974324 897009567 
330051452 596098700 963757351 11858088 530851080 627716226 316084540 975373635 825433951 245215111 
188253183 279801963 555823697 78300903 786572323 25728863 416275986 310636916 719062013 7694368 
14698425 616869890 723913735 133986294 31421378 771043305 553407838 296825324 343668366 851804550 
823333955 913413455 600483550 45421753 165286557 916849715 25875034 46020457 565820022 712942062 
704276496 126847485 492155002 439894427 431006957 30143969 499842683 45914775 266372678 11918341 
921685488 669763848 949374034 705361249 227947121 282036306 56378028 97541995 499680316 333825440 
126080215 513914527 688704179 224160865 307616947 199879423 211891932 585825992 90294537 163438736 
69493727 873624650 515210756 25168857 970548108 845064228 246972853 539679337 14484691 564516819 
980315790 377476430 527594058 4600218 632419815 693476254 54037163 392884992 91812476 735319794 
51086675 860231503 974392045 122387430 222354628 56006166 829285437 796233883 38534946 581087655 
826893396 52214067 486984378 134043033 159712381 979390556 82035831 507544904 777630697 55340990 
809150060 76765777 983058986 338709645 813901901 916722454 434997688 700905466 204313589 485339456 
455029359 992097216 82124770 82978872 709698575 467842715 97507764 25172908 858919099 739425484 
969613490 854502928 727826299 879189655 162607173 929029915 76177083 712963781 43301498 50264646 
112420553 488708387 604148356 541103440 310316122 142743809 373483321 405151421 191513349 310190004 
143986064 41450578 705318855 786027284 930470697 40824730 911174526 730303487 450400453 284804709 
700675438 618765524 13863624 820921668 969586111 569157624 903757248 861563406 165883900 412517973 
386690262 632842334 98895253 435764694 878032989 231633426 608364639 647333868 483485260 300664270 
273095951 714696716 948958907 153767287 12501953 572183087 249364073 866995384 473558136 626680144 
880578870 451059584 121726356 486678002 569359529 432113794 44327518 510121111 833458795 218861492 
867261314 801700938 107659977 730689745 974142350 881765654 424855351 106600919 839045495 25896589 
810392776 823441801 514151189 423323202 10601653 304340462 9643425 268783183 523899104 452731600 
976024127 410672080 450603591 677081150 499872879 932474214 644870033 176703754 202252442 553130421 
759172486 898967884 7912075 993269222 886006677 429782237 290681843 201436198 723168848 587691485 
501185252 209863204 484000236 583101230 212066391 629338007 331109570 512042743 866564262 330933430 
481188304 152485154 239601682 872964286 907340601 579027421 528643390 934836336 638502081 6461469 
9322929 12479633 951406162 41682453 26199129 637128808 643479161 352982468 433019396 527581251 
567090410 485699430 704174054 446359538 244567288 873532414 274890773 915380554 523143198 258892242 
216296463 676852387 458842233 857529582 917305650 119772507 239641418 310074783 512129858 9301073 
485249913 410044153 420806375 886702699 70038541 397368659 823565356 993552656 59938997 586298566 
27515138 234892974 361398851 222244785 946772923 519365942 295466284 304418104 175504 327301275 
515057673 637437888 302402843 687805783 257616921 774800244 830034141 15523557 194470332 560123076 
217471418 355776072 656962297 265479904 149984632 342610051 533126650 327150145 838275395 638639391 
57003914 678818593 384900140 382500008 47661981 755638270 190921125 749782832 303280585 169648156 
295871495 595256010 845870022 56021504 757915404 282110480 215122930 795603445 483318357 813916830 
908096975 408541322 22567396 416088981 14858882 61327634 299707045 378702873 581973 581423138 
971772126 832760275 388310071 716517911 131501762 418770800 883207736 360016270 82863331 921590560 
471448078 152548842 459529914 764964120 443869842 680966610 678978849 988483088 132214595 200583600 
919412953 84379078 906260161 545294899 547138822 242696569 104595795 823197389 435870126 309308014 
669170530 373762102 588643901 151948398 49315323 248484583 578116612 329026630 809603923 67431327 
658247861 281882183 466486587 473366499 325425385 419196100 921815983 920549494 772301467 577756822 
346469708 954854373 496234410 228191643 325196756 49720062 168986714 424877362 861167277 892164435 
661192147 59184832 346352991 528403387 664009889 930316848 498590234 434534097 351039282 635541611 
157920302 78245236 342126684 762154468 491899536 815329094 264752596 751122190 134256220 793577261 
133995192 578713827 658677069 191478228 256070150 962166623 911936583 685556779 729090339 15055361 
608872910 220064227 541536853 868852818 302637196 258855923 562491208 670222423 952818127 823688982 
761033613 249796894 943433737 498317898 243889943 535824183 214139214 324973907 111851708 269738294 
767723993 855875382 544575674 909507125 332738183 949343422 704320303 392585297 655298394 458366714 
384090784 455058216 356514296 369164733 179720819 663169634 271643690 389290525 185497972 631970853 
870635101 428215541 434426964 767808415 349763108 601687395 936073254 460613504 910450868 833143626 
237917408 168312957 676832614 52574673 26445792 951533518 243150905 361577954 735821412 383874481 
228406350 58180780 48610832 944826341 575907434 217625121 215382381 830138415 523945847 133314425 
45069412 465402585 321208067 944718254 681917639 27381038 392185280 273053694 306775753 857324544 
99835906 412469868 477257089 29518370 400468036 13111358 360055658 623011565 727591331 393229952 
855973606 115991743 841370210 711753344 879324342 926121848 128337508 254004304 751207043 147002107 
793196981 315065672 895164761 357114291 984365826 311721601 129964071 698141452 401770012 7614810 
2373184 436261365 133215865 893828087 127356381 46623076 14534577 756390846 641549977 378981587 
513040902 325009368 33322482 379556540 19863253 961598902 717145040 451368737 559362343 430072201 
279415030 75603974 276195875 148184264 174114194 30655475 781857176 225764527 89199027 617992823 
246376056 542587066 58448332 592033441 677206871 349915437 96231734 654782854 910500080 690656656 
503895212 137662142 10917536 48156970 699526349 354624743 900187882 960828302 866132126 109878304 
730299890 160744204 50241028 467027086 854079490 456808251 930778703 525204699 319736327 772887926 
259789995 309078194 330749460 373201244 47536811 34879300 861406686 611541838 755110603 47331782 
90461503 908588788 117010659 354191856 948268212 769640888 896839859 831815808 81824734 325632329 
19846752 27881908 39126021 471499290 482065136 635434453 649904784 454479329 382295760 637954984 
740912014 428405272 878693455 830493434 522748977 384190079 857770529 159408412 352464205 825146264 
864624092 954392932 167112157 892107050 187571838 946756520 662637951 380701887 57019621 991120071 
848559859 282863654 629798998 573367073 568482464 777285618 825154808 431974682 471066895 965433848 
577526358 481859483 504053102 352066517 572236767 556930704 153477134 997042533 61750633 749568363 
427428069 674120525 795901354 274267552 68839948 660084083 885498046 222912807 28655681 235857281 
74771108 549480701 652324712 448745829 315742657 946306979 642636036 29774803 571631963 244585373 
588073662 129438914 881091615 780467700 752035557 93025259 651183772 547453109 164403435 22651213 
842543558 52583279 752947172 378612652 383282548 810853306 334563596 768312590 770046690 248395691 
236448318 152507708 603043631 834273377 703261822 976324167 455478752 588496507 196613743 643980544 
897989467 998156959 734643933 918214526 120627053 646601716 17270068 810965916 815636421 250494632 
960405000 882570616 551459447 852367980 458684812 695723510 71704185 536226035 966445595 161956155 
11071530 404503670 234255538 485203250 462931910 488797747 600687987 408145930 816244723 626068714 
776006179 645316278 296447544 933143390 107543725 397785964 881979263 803811034 295148957 981267495 
228842138 725183914 261824166 461435173 297953980 469822877 284867869 771892073 547990012 106766986 
355921019 470418234 389022678 609488071 285913310 51475617 159770538 840396723 481003913 44772847 
628423482 574658606 168323936 448697399 17175343 974435100 587877229 466098637 919074710 365048806 
265533790 689839820 738353756 346114809 620923396 180799380 654464470 762637381 434999765 290477383 
257109307 715777471 652603243 638895180 110374 244712927 192308739 58194637 735879705 532304418 
17399294 354879289 732863222 486657417 992899428 5926594 478585733 436227865 298734173 336759775 
670178033 53766233 997591478 559709388 433676874 172448727 831786850 999006725 582930180 977970083 
575598326 545369295 33402230 872122322 247927339 149339568 403493724 302073085 290986848 544150257 
549208661 892027583 198660117 639125283 360045158 951343674 37243248 879337367 930946166 243346579 
47509693 833940196 36797648 56625522 949990887 676687718 88688036 726328707 225484288 116451769 
655853958 899834103 910068671 146185026 248030701 695459332 217797627 94431398 916608437 162932576 
382801973 716310608 642012061 562636490 845492492 439959792 350817482 947432322 773204166 873248759 
866444099 783794380 104744398 97407004 530874483 23467121 191866160 589961178 14085545 919334205 
817358111 638928879 908982428 849031554 31317872 386879966 735334880 842104211 27423772 29865069 
24904562 819251787 805331906 392207401 445980978 871703428 946682402 984169951 9337698 64201887 
135809187 476252448 387732268 834945283 204091599 25138373 980207898 140854934 403078866 385537896 
762487709 199899206 864670718 840508903 840945542 609641091 290103625 950780389 792767632 357874626 
752579021 827029577 45785044 578587387 285623623 34236 3402833 462331435 101743257 814303024 
29035886 280334547 670616137 713892948 134547314 784736888 616124672 904450593 749320710 58596641 
579054091 686214992 644625595 700894173 235248093 605891809 487522693 502399290 279365771 984325270 
254669115 972893646 784796750 41652086 612249114 432932530 235062277 209806410 672194111 662060033 
594428337 83404323 714036784 258948958 165168375 1085649 209607508 484285035 656801 338256239 
813397622 37096274 252169757 504258771 360633926 796978498 407676412 356566558 421183960 311450343 
202443893 170873649 565910307 659269881 126206688 840187189 820375940 837393070 454403899 523426578 
494609464 113959493 950410920 555246585 905254117 52370813 165023725 215760347 178776594 321592861 
775843315 761355247 536961450 578645099 565334599 462531888 147436414 473440693 176039836 50909404 
677544895 357563595 799695943 878089975 487155080 73384577 389502145 557071046 303197522 636412978 
207615529 684717397 976114558 145569336 232349888 235325937 833070799 28718709 605176427 994156206 
144838381 147710669 527755572 850434786 895229667 17290664 50893769 647009703 778909601 252554870 
18859003 962991198 755497595 424752165 127010625 641816871 389532584 408506281 503005491 284918122 
304309445 285032571 369129488 48065104 11513166 473767193 187078456 887447883 264724268 461642114 
883798962 66719371 747463971 350641595 600676007 892876678 179016031 929197134 704305124 606813049 
344559089 119576774 656476252 51253728 690559307 833850933 72229539 756009729 107415749 173598126 
5668213 579521120 456743707 775277771 202847279 357357896 32430829 278608935 950964560 517206855 
577950014 792968677 935820032 69656242 15629813 781468712 728356233 639044381 437247072 500895641 
131688407 427917285 691937709 596714980 567444988 663378598 55363950 295196731 617466799 904027589 
11999262 561895889 825943752 385978088 930288535 414672480 583332294 40691064 154929559 350648485 
49747016 888211750 466309188 1380574 159379352 954605667 515199653 754453331 107496731 376286951 
34445605 455968458 475952354 733152299 984325653 595548945 619623965 757840366 811752487 203300728 
576789410 232243892 11332339 82329939 502685291 260048962 284299638 195209853 774453269 989338148 
810667662 943683536 619629922 6220839 233860991 823672750 636922039 62839518 422731889 120678524 
619267230 928807970 798312687 981077793 195667525 534817163 921824874 638254475 144017406 682451704 
532260532 342241578 79893438 571566861 255416965 1943410 38055326 220606383 836081657 572028511 
576999004 336590985 894448912 700817130 333901275 708552074 721551918 91010964 692878750 346127717 
304057496 341856483 386724689 436341776 167211261 652223967 433873729 455708998 741391850 710152852 
82225887 321781509 252569172 32788626 940845889 68369935 799720467 755924850 44747168 823377518 
71182945 389474120 328580060 47366633 911673439 949621554 328797940 898191 86023056 540190160 
262145422 366738229 262025820 195393992 217264245 796899312 116260495 729778242 722785045 581835930 
143128535 259743595 839028225 97417043 545148489 985278707 141793645 332303101 868052189 537477262 
303632308 13525950 306875373 102718071 903727060 476149635 830919610 333167080 203866093 499384439 
241929960 76183459 890443718 2764688 936176893 69163116 381393736 150247682 10048741 863548300 
57957633 462351561 437766001 346024272 134832290 967734564 371970515 520546696 570578305 731030805 
294686755 3112968 501178648 273037026 102514654 703687980 492632452 366697111 83845730 178993228 
95342599 430994561 419655539 362011211 365218695 816606132 281810873 888087054 612832012 394332295 
823695168 166454525 119154757 183165715 251697142 417494404 521835012 133063095 305505328 496314772 
283023038 874170263 524560678 124875042 565708556 768267032 701630834 499973287 43437612 73493605 
786448277 203977631 676417153 411821037 386338931 376355594 232060943 612516067 12340690 892652526 
108377856 742760381 848111838 435689939 975641634 367141046 895587496 459409734 794186086 699229772 
381434018 159708758 19551330 981869507 318305061 706562842 36239055 907459488 663579627 483501609 
746466061 487747118 222934677 661852448 9650330 594974716 446170407 708527904 425931936 952827997 
230517383 7651660 749102693 945928166 58417920 784207696 12246999 26576628 995862726 994044374 
282889737 940338212 98517608 368450831 57244590 737487577 47049056 720317743 841059749 709552570 
158083720 35702513 476117350 890200369 509334177 195786255 694522774 596744685 366321871 337243083 
345036921 715668320 502139160 547378537 658096249 217410114 819169000 861782707 519363236 858011404 
789479312 932879476 3353898 740990078 566179010 369699581 915202533 361238042 618874647 822520995 
519220425 730207910 965757066 148470847 570034808 24643246 3563258 133253036 941111473 570143488 
450885291 925488717 998046426 389595950 930088133 436658052 642753662 455118863 31873492 855077180 
955593673 799969854 50215494 798189152 139066382 522772634 209437425 21209953 870604866 610156228 
257492875 58957493 72719742 988363685 35162415 203105107 829007233 392978405 821683934 191163192 
275056940 131460213 467065340 378237925 709325572 155397 6486223 63427805 973648307 872661647 
208439556 413767724 316428935 475314635 941417001 575261915 779078641 170320312 137682996 496267645 
589936648 630746650 944793082 159815846 40607492 965972470 220622777 117922158 516968899 738995735 
247838095 623248882 980210759 507449228 718921217 358511059 487610422 888454696 55277172 131352757 
310626136 146692865 176699320 798422209 281697821 43762929 163120248 786273572 107009557 105122073 
923418571 726402190 276701302 106302809 904388007 170880948 424947865 681972441 618119015 347896783 
508417661 343405187 398120524 72678682 508504387 240690566 973723130 918732119 804782512 6296532 
421132023 175854155 71744173 712012453 374917424 584877117 920567243 980660979 26089076 342836348 
138168760 211910652 454874358 958772182 671191244 330780098 44359630 748501281 690983295 692090766 
860781434 811280310 67189487 97447529 704091222 940668401 70014814 557938594 461788455 500761522 
522094258 989821771 354318230 48080606 843204852 171565756 704471212 33634783 691640529 372016910 
230392667 840867873 203593244 912109473 378229494 977357972 903037002 987504790 662226355 938527276 
840777973 15134549 44656432 889436771 67880538 355574537 60685035 796612021 337898970 1675040 
24096457 230765091 111394429 569476556 420699536 988453297 969225066 960185476 529981805 720761064 
737924720 914435203 13053038 118173013 171141760 16742215 729197833 29219848 638821937 149206804 
666004628 323631126 339607099 59412848 24001482 500584727 848101372 935350692 46945613 968049064 
374717431 872559936 38448158 698054122 581386319 307758231 723026983 921862658 109781840 680816959 
826601138 906528919 591633895 546407571 397550 844476759 445560357 947232305 6573168 45887346 
81983936 720405117 353114545 97048605 263276689 65089307 747444874 99764497 61124375 43678585 
631451323 98049801 853692659 639234883 50855529 881212488 256500586 156371181 827262618 162570000 
682866663 694452781 958884795 167102508 322098806 964505725 429415451 857616743 894740553 588345245 
172196462 274519059 46491702 773895183 631670859 915226499 76996408 292825498 995502253 678936465 
192076523 719315400 172184182 587928345 837418000 528552552 586636007 295907963 145407758 603972620 
836124714 709076509 274649198 751653004 828308425 836496615 535308125 107254145 73950516 679736006 
849686574 361537227 946152510 498997034 514623190 66646795 799126432 750240647 856637807 982785067 
864285557 545690071 41746613 95487441 785107900 7045910 999017613 156769263 265477850 68273605 
719989369 528525110 315477014 801934441 229379109 65893790 873071130 417068041 226818013 745031904 
170959224 296188595 178322707 151475452 142831395 40287222 300412638 745197235 689821426 258439529 
993668726 469469710 60535840 692018468 800261562 137210069 828171727 756651074 401084842 750704921 
465247617 787587941 841497837 418751403 441812381 292226866 280808012 535087778 994746864 169155281 
2617141 816232409 420641833 229117550 359071289 379714414 482219612 608595386 607199630 566581829 
674917760 633124458 490186126 919301251 680299505 499252919 342184758 125193235 269888494 406170588 
790616744 852808484 953182748 358856860 981814697 226388649 781092866 641698746 699345444 299100376 
557858443 816340607 5679780 943816620 59856518 463909687 186082015 930855779 926223657 598563764 
27858470 751014144 588722826 383225801 958916085 740457674 430448677 959288272 5126762 950710475 
689465690 283078437 156366533 616223570 959567852 445035177 2159597 440028530 362294914 627658560 
145001195 182069633 537525033 397769811 620834669 139887001 715061712 448998990 64100932 79035930 
973670091 794107171 913277927 981853222 802496849 702044870 254471917 25553443 480804350 379812271 
663585431 820664382 981674322 104219484 245265731 730882786 251640367 24903372 521832186 11473732 
898765919 638109444 35799523 471377371 298334988 710668685 64797901 101244641 696922950 169641204 
934826923 930016467 660207233 442449737 782590479 405472502 76772628 98479265 63288757 182897616 
464332987 826461589 507753211 626361258 578205461 123391424 119874914 276122389 207266855 761449029 
328441359 281897826 345806040 524134470 957844556 917419816 815473011 867957614 796205575 913701058 
705542184 148143208 55456848 684191951 558272395 401248102 912877536 852780208 930228499 839572123 
166205326 378846478 550921116 606825665 412095192 722252881 521346534 57504660 453416544 15682345 
593651987 559579732 967479404 350488841 416828205 673769543 181742436 733771432 379752862 519378741 
957966424 52700797 977941430 369727979 293849464 299905869 703644969 991402680 970722457 396407957 
49786509 360479219 249755063 21643550 373567969 712897651 714320237 925838194 242723074 160258581 
308483967 955124320 641080372 8705082 226555217 632194939 140776094 938032198 588597357 744603033 
40133837 925401634 8618241 604186453 140448049 282862267 128525407 198712717 595020444 923152001 
85788539 867263972 806510278 928210921 242227568 203903297 102160075 525976043 141409787 517859918 
784688043 148563589 358234110 784479226 116854984 234892598 724902911 5044215 157320812 631183747 
301433510 163489085 13622337 662026614 164975427 191053445 577600471 946641946 427408966 265312463 
268047138 517396480 72175557 337979869 34805498 51730364 682639865 407611062 443438489 38086761 
104748993 389526051 505092383 276151843 738969373 656792373 398744081 753744520 250131380 31370173 
569213398 678081855 127744336 888342227 422919481 989624944 959219293 972986192 915627754 735759175 
521438829 921161300 295293437 631825526 59481270 639431104 179608682 850531504 499314322 651705021 
493482379 556753711 405093887 895288371 446289057 259966511 50170396 188287315 180243278 543975793 
347765682 662975502 942383132 392922297 337972137 59027866 558871797 484196944 313196943 351687413 
317875626 709244290 278539285 977184602 712407661 513564961 788063633 918056654 1485398 981126657 
231235196 418137750 959065569 73937274 306411509 778969533 39936366 353706985 354364989 605816723 
839186368 194832175 952800057 241001001 305806463 700628273 665835763 425909462 322856630 406212182 
980479001 560550580 631929685 315564044 103423613 854936868 18118063 20336962 313844115 857117254 
945404926 489169648 954175734 799523714 936332764 44743307 683134179 394955778 328288968 274283666 
398517437 451829557 69036197 832479492 389665159 864667470 372863549 915362791 308068461 350110658 
153204155 405380034 882650428 74954702 20939052 613814308 937757925 439085295 174363912 325591067 
450791422 676924776 698125475 31140029 59734847 204139200 58283195 387357603 799196170 634586176 
743037933 275428713 245155549 953211257 100142911 898778159 740806110 875181245 172530840 888241691 
72130904 582027681 25099075 668395477 625929271 54649730 111362161 52429065 38804620 151086076 
901164468 360758505 328699921 60805492 704681860 800339113 549943963 798340496 642188734 483176961 
455353513 778505145 178954272 74085294 567501789 652378016 920969422 446119409 330555261 224246710 
344544976 7202573 228498162 335267763 155613329 844967886 279416906 48756496 287606369 542955006 
274389686 949446540 12975348 372965102 687862028 302583723 799348706 231922675 37529156 990403890 
173696037 250354405 63056895 644309933 215245470 997661857 428116734 776182505 614316688 63847305 
167681445 474295674 991591459 49684991 510921853 434001718 667415266 48083181 449265845 143217592 
176064574 681375296 123033759 34364638 229684745 146158441 657842735 11974988 279611643 592933851 
377070976 799169255 970044209 143995791 275480400 586288474 820424361 615617923 500222847 940881044 
21196743 878094902 724066196 503356232 605792211 551110190 116102456 91771244 851285880 74934387 
130901177 960895674 13726022 379203857 452628360 511765811 513330226 1304474 979032763 482869143 
53519889 392204705 181295500 780396526 516847136 82286912 577849304 422136322 352440191 255427475 
920089760 225777122 519410610 256948027 860929164 800020064 363705631 215077596 925209699 132747156 
608700818 38441887 4151700 440315223 574401723 158682032 594210481 655688137 362672815 796059841 
781062639 324817868 492268131 823134854 452332455 952991111 57634869 520366391 697112280 506174179 
927322211 707775505 213423522 394610705 802486673 400347093 50119115 242348035 904970055 503299399 
61333310 844278510 377957488 662187953 990766217 278080718 21371868 5098334 415573339 350831586 
887004352 703808543 804290315 831809324 356389169 394621897 655391507 798905586 299115693 302645428 
970978192 655999296 902954130 78844990 664075716 526718051 100676772 823796038 152888468 392673647 
184787339 193182385 258093835 903052475 60466003 58994664 696766165 560167520 54672873 440661337 
321528517 18685117 511507877 582305523 178346319 613427957 17143228 299868842 792536847 337045360 
337565386 958004471 126428480 152288854 247914318 233062744 797654086 238322711 328767532 506009805 
788602405 129090534 990410540 746405978 933548295 596352569 94589305 878669704 191416762 835630923 
911359524 376950499 179967535 617624986 345442463 752451197 717264892 963629162 382612291 121646185 
329043675 123137599 879561162 257112897 648622889 960025447 541344725 350419105 750526568 756277358 
717043560 36299690 744738750 13899430 203201385 940311424 673800819 748415146 381704740 307842508 
80739447 116802769 291533770 336141627 395636441 421754810 961474797 998160381 477033041 491964616 
750216454 53189702 340718007 176087714 21346030 802560209 190866570 212435378 678049130 147791704 
122141035 623030950 32775063 540798749 493179039 851419379 610380162 89225573 823166608 572749134 
286367892 70062583 433966668 100189233 505861148 303588769 836361220 389385308 247605712 566591668 
197877646 492422481 954263109 529655171 292769508 51622869 395853689 365048551 164446371 948341367 
89751370 952720062 122574477 65403392 506246652 461367399 42626567 130307593 167247031 191584072 
41589917 893558115 783828999 351959369 783476345 871831211 180734555 801467734 833178863 942136512 
923985542 315500000 83236596 648263491 292237889 818085725 187360673 621099293 246745254 473491140 
370216629 300871414 892382391 334532625 351209232 625909183 52244948 924138695 717479225 949784873 
587083849 561713769 747062234 924449323 164836287 803275008 124628031 907107712 626852294 741325209 
254013658 890868262 878680657 565753027 873467841 106024928 745899065 427378965 563410222 514051509 
206987192 45975461 72078847 235073648 370182383 694543507 944413236 531368222 827247202 370940285 
526440307 577250195 898998135 50730504 525785991 415786213 478316283 536995422 137348829 291994094 
470672797 645337002 577287941 657135055 684292208 27589277 624460087 696483944 539055981 550868972 
349273292 749352161 446433262 390189263 144530881 31592484 639180597 675855748 427892535 398036832 
672330979 1745353 941424117 38248071 668820865 972830054 721978085 728659665 15115515 276539042 
890772883 722996536 22796063 498955465 597184177 125571321 376435747 95552684 76538517 492370457 
579725085 771195169 83934137 808986590 598082697 571769214 925150523 581766994 57293510 532234274 
11658587 378993092 891522712 184541420 823617536 895144774 73077671 179128258 69357361 539724080 
824127743 208666380 843536289 138770587 909647759 824192567 718415645 791473382 527614123 553721906 
506850076 250719797 165293706 134207988 843198775 711827438 831887559 972112116 67308461 92565306 
740583140 54298542 368933855 90362250 178318018 119268901 644902098 952193807 603890474 131271773 
764689841 136394048 122457672 56795868 64805960 235789656 368217131 532758834 808939401 391992022 
99766599 649222766 508170763 191778299 203942130 369932197 18600581 13634638 780748778 435629167 
56098904 528937245 46933197 348297066 562278915 759128050 984259744 321464501 340239277 698085154 
437817673 680507509 615403423 342774851 32773652 860106067 234443462 26352816 172315187 146797308 
199661365 422358023 739137847 165970081 283971233 72581291 66766742 524283765 612236516 659539012 
614585649 491200817 692310651 97818170 944922052 278689427 191108872 927641149 929134450 843617754 
381576144 84523200 140690245 67191116 891973181 372440952 772082086 342146480 347873886 133289954 
558931175 725338325 906022242 767336891 333925307 498638857 574543905 965891462 440689593 179836578 
163025299 205267722 40106460 57012856 166070614 764288977 939917062 25367658 465566253 749077930 
316935801 127490774 703808635 673906983 889033820 289987617 254376140 49563167 315665980 763321140 
11216972 642609198 154457992 643139579 111477071 774610225 530340883 357434856 509552072 628711371 
844356246 529924719 746838482 743468003 79714092 440654728 425684010 735285026 496596 379049520 
985000626 913403769 62450418 373023976 705076463 270555545 101261264 663092788 46861963 514006906 
101757206 699597597 146155989 29656789 269593941 959231408 905241148 328877994 290389376 63291261 
829288152 281287354 38299503 83511321 755143905 682350605 587600480 707828636 734954037 902047086 
558318960 519692580 812005335 499889387 248544802 22045008 320373867 436802390 27640032 37589700 
3083963 663652038 31798644 337703597 506261556 527924502 604408206 48338739 470736746 925403748 
186475329 473864712 663448208 680720276 320070534 33799394 190104064 40853707 586234040 166124023 
894735033 545317876 655671575 164207238 619835612 198565694 863583557 200654158 21615151 50708380 
233968332 727739669 393615514 712105796 544087702 401057571 13249709 612758577 322213747 43299268 
823339031 301371041 254279831 836313802 752324656 973416343 671394841 37235719 664313968 448413530 
782290293 881243096 168928502 556338164 724245514 640067478 544695554 162510772 64207772 424486435 
817438075 674607021 823128276 658400355 952077162 409731636 466325436 2678207 346982013 370134374 
196821572 392481444 220343173 25818015 66404031 934651650 225580792 842734597 316048999 65830604 
32485232 850193660 271881173 87066240 505741354 215785134 732586378 590507413 186098568 7948172 
617687656 745933070 32273295 112817352 287176249 143767535 875267690 43944151 236874791 939692994 
502883558 422914550 465220930 7530258 677124339 835829921 510979838 15938544 897316393 508855837 
162082226 776063601 981020224 728146671 835522330 923004717 95366039 414997859 112319702 269128130 
754154414 961697799 901758696 680563535 601082284 1447468 876412474 108698874 970647771 438881388 
830822166 177669738 13299494 857107231 827513772 484330574 450944930 152994021 234251920 11704020 
823387394 728880927 580656441 287395890 290790433 101243510 495616643 622906145 886042236 434587986 
979474734 466712925 774438069 492532323 609949276 280834599 69488400 71009052 9151511 941164739 
434917883 808085043 539014089 587510521 21138559 148058659 446881986 734494616 483372752 9461162 
271835830 169073903 744118979 649216076 332369980 256307026 648263761 598887630 32646991 178730907 
67929624 92119995 618291666 363121062 383350236 900947938 46351365 135959252 225002239 31417557 
9500944 344830090 75505932 902016877 336668033 208393903 58811441 529260610 97267653 206456369 
105477567 605494835 122558129 272028544 862949036 26994914 862159356 802323728 981795346 92500793 
468917954 45552092 441784239 815820255 71025155 749103070 254047843 729491908 51911458 298459800 
686923444 613184666 222066278 855083407 162985293 7993176 662048636 837611210 195452282 476026554 
15594484 32987990 258859950 973278653 895841727 641370055 846460926 8656419 930655672 434278061 
756627620 211519221 584977944 141621026 419023996 275671292 916817152 804649284 522833290 131242311 
930721522 283872947 242795378 378676648 970791256 175589650 430976510 876442935 342856956 514275468 
37180827 74397389 975706255 515138124 274524126 386850698 16640290 61209859 897994232 277494095 
908988080 345602407 48566596 974913861 476971666 921978031 800372162 973575764 976795145 246571800 
789187218 869939117 302502584 144589923 438208632 279696193 674187046 841802836 76311136 794649671 
891132225 35710771 505713110 20977593 67141333 785613392 20328845 878296280 520700442 778575480 
684132314 127528869 631529508 118837888 249080119 790895462 851640176 157358018 849795777 579647270 
756260958 402442907 115670201 951143989 618797489 469954794 134415622 804834979 508680977 557256852 
980060594 513075145 60866441 440997378 280877929 180484289 63710728 219237025 974794749 721686249 
54234084 651287393 408345829 241988709 469441877 947318583 507814329 752078490 805029875 450350492 
367952567 522013875 223858496 989107467 249180993 64789534 573134623 238584199 877006941 832121104 
40169560 783794962 191605556 319035646 437775126 527492151 431874963 323231011 128629097 948715649 
858329709 875495165 505405893 82176 810894423 841152719 257065345 266233037 216204299 340448287 
43947353 645399419 766358758 618240057 958664174 112912298 252378474 290310315 469573185 39854970 
453525948 850244552 445145658 298692879 665792038 36734756 849592103 408017170 490983830 461516831 
109547573 275032367 75679774 687371858 520460537 535362200 21474161 534605347 365561835 342558848 
450121581 648652088 664504549 123836065 771995789 149003002 781805480 711829431 798321266 391347994 
75350615 999932931 409497699 810876937 215796730 563728329 525709769 805939582 660905724 806121939 
527469745 144462581 169680813 330992107 642154574 42081834 61402817 651605860 706602869 616203682 
629369808 759033746 674775840 84966178 373475284 951395405 722441452 5609013 198649774 892271219 
949668251 447271595 768267937 486838371 679949202 129064725 528582869 356177026 578721116 450919242 
846835157 834726842 73710629 531752677 9130770 565061622 815082047 434855876 774379102 59149991 
69751201 769405067 345778289 561377090 892231267 815681311 340680552 361925056 418550084 542411563 
251517249 371016989 305834532 74304670 168078944 700544473 663020170 903897643 949433357 64074874 
21690399 258891720 772001523 143574023 272549680 98733359 938595747 962562191 462353712 676586592 
547619599 152538528 924920629 140582942 423000335 406035665 567763062 175364717 199119584 421094456 
197932243 503298842 372033440 475639028 76897101 499267123 726326483 82780581 293672074 402840203 
507324641 612279535 735623506 54060599 337782165 66809338 656397588 5187348 510726816 971960566 
62391905 115086655 27401747 715817360 254323569 560579995 158390505 412536189 777177242 330372687 
118711676 510234871 935118555 242624324 528776715 922949435 936045655 264640683 62764346 833519880 
43753682 725178741 915669649 241212195 843708470 976258522 56249082 32982229 220679440 873977299 
36255049 578512491 335637268 782506912 101857453 996112309 945736085 102093379 460030784 163550856 
985749005 762723330 806132348 547597628 820203164 651694313 153372610 893036847 872033408 597310789 
628968149 320880960 922033826 212021290 129735773 949537877 79500297 849689070 681394278 449980373 
645224037 643562156 288991454 304459311 834286725 952918211 490973211 777370961 55112416 595965780 
625472338 852413745 121767953 417514696 283817249 988223048 727749460 11251526 288174086 102746130 
558148362 39693633 44691685 744705935 179135802 962686953 936612230 977677765 861088782 961668533 
725158677 893836860 925489233 10513631 432216224 135122304 278813688 510856680 82979228 380460963 
248970390 114894352 488891489 987924153 871701990 924248543 332216490 676620634 995400773 64954784 
364806678 953325859 130692917 892383712 761412265 546822452 971246555 244476402 217857355 176780468 
774643586 62593133 15341640 477406537 593852950 987163566 165998542 592644512 147640490 951716944 
524152946 663137259 878231539 489689015 421581228 689739870 16488138 154313866 47507543 67830705 
350171310 314870579 351848754 14137249 262791231 624153696 398981985 853429104 549022148 156708742 
760593132 8492640 90672550 366037337 63982399 998013500 793191155 122501718 801069480 588670927 
308658653 12617018 776302557 872525674 462028344 866854279 257881715 614209378 242495999 810954246 
136365928 153846416 203478991 504723264 754700442 539010767 17069418 461757955 335169101 106320770 
994907702 114266596 520086954 324028427 690345403 769979319 772425530 494770773 55914536 650085400 
963789167 645311819 92872399 262595046 338287387 792639327 277409445 929683650 368889335 880892164 
478146244 765558677 768678174 315999028 356047080 988899079 468132751 318533099 66651637 21485577 
337178286 505405098 633333871 68952652 135944387 437550836 696653568 414186183 431583098 764969684 
377448182 45293620 891179618 747986774 441947843 512543636 319464814 744280330 64732794 898325159 
589009783 72460419 188583001 573821557 503734455 472507103 71777082 511253449 71320399 606469173 
547938592 530123696 709101507 492476968 473003953 509325822 784691065 200142940 917090486 122828745 
16574270 921530618 437588124 320327147 283277249 345064239 686856438 110242693 218661397 511494571 
879952633 456203383 215695923 234666275 449710590 254681065 585130358 4636367 225199620 499947205 
385325341 45889261 60279851 530219578 144467148 120058684 985701179 313479738 958481675 73516929 
548356635 183256061 39438277 614162950 231824986 171757692 450845900 495640086 695489706 14101239 
71492688 415149699 463361375 897208176 156964203 97698336 726738676 363864366 645832344 978187335 
80216198 772512059 63064117 38140242 666367064 174818534 21010698 51039526 32809036 43747904 
760067258 761370534 397912689 345897123 180458067 29561657 366278513 685626152 20245699 648181068 
872560926 645641004 450494304 239193297 18364142 830956756 784042080 781083323 21796985 920244102 
855759710 626974852 511357441 609657963 925533148 78808744 39258852 153853172 106035131 116781864 
12368936 504416594 829086149 725383176 736299255 898068220 25349155 964952529 910050079 337278765 
302207719 787910160 12285330 815820132 317539972 304525781 285253348 477597154 857560657 793751604 
800062416 332063791 847846153 16635591 782492084 902658454 478263630 642950699 389097744 620499876 
703566881 53982335 6825995 257884845 194514796 816605160 223395054 516423751 475587192 385837840 
321841318 286432717 996833911 363425186 666827078 946062045 245198076 395094735 393725059 594263003 
748649086 255229900 63631927 765712491 792043736 454857298 694376159 932125179 763411916 299861788 
241589788 117174839 507134331 915064940 414352694 255922579 569831663 349330567 203515284 562087364 
895727762 89410613 818270021 82241607 193531571 433690946 556594043 921165017 269116936 831866112 
10297098 327393277 291614759 895706818 425231597 629433722 321318924 7309409 584685762 515688154 
138960022 377147068 806746441 944439788 894505738 68148272 96168681 987154242 983914894 248318756 
410280491 785455284 113439151 262300288 857939517 884324315 813824732 447174193 86332272 88777879 
961799401 324980134 412181946 434023306 931492492 687159894 813216564 15809177 679234531 981548600 
254209693 7733619 720937197 591618633 610240982 571100163 559242252 786849034 597897317 255833340 
2792073 901671167 40522226 400101974 714535185 554314546 510082252 94449098 947022385 389196205 
197707877 481117015 211410141 269111811 192155601 60657601 355040494 286035912 692829260 333180685 
425080735 295826197 40525745 299535111 867292688 123332357 862215939 223910332 879046595 439253050 
780758248 698133504 729115938 12888921 975311913 230198250 452942327 78373769 380785204 19718482 
293324786 781965560 221692314 372220506 737935654 448208727 627430545 38106081 7195276 885668953 
66133875 747838994 802518655 478957112 818164541 671835349 546506559 836583983 88279057 592901208 
547512686 151526145 42891188 118308239 802524822 117524337 264062993 563060400 840699809 631703751 
539215284 61835189 163430239 537028946 26177104 720497375 429638916 109429472 310750010 365356846 
796038823 994923848 545889259 668093162 370707396 375418081 777351297 942133277 264110010 837720328 
572347455 757376278 942376014 512979613 466741257 78723816 252126246 66594950 861588713 75375592 
705574223 253483052 517717645 306709043 257440696 176594937 15875526 873694758 932699061 110463456 
519359242 946928868 945314941 733360085 60385010 112783059 373340844 440249424 792485566 391073311 
62259393 917360846 840028877 333591862 757230498 502295632 376673573 531150155 791234835 26878427 
890946033 128234707 485764674 740970230 385524733 451010058 812345406 759693871 58744636 716479855 
135280763 772243862 919743299 855519300 289331024 757358912 1154507 711377679 443352697 591735238 
127567155 983736348 225194902 255463107 27658490 548367865 296037033 708785498 781456970 890535416 
375150748 70748845 85821033 472033968 82779577 133311079 748690758 506906236 454504496 661116211 
559464946 670407163 757403285 805009219 641598244 848261774 272990815 112737994 591552947 335331549 
750695018 211141250 730802976 927057747 942687606 716486694 734716938 17927836 399807654 111098617 
5489335 34809391 717188609 512369214 864237970 320347839 8690931 227796926 602673575 23583944 
494649038 939859525 312186153 620111113 687296835 529561637 425249261 71562499 730667242 529653170 
149208044 614080894 928301504 290460612 792352709 38536452 498944930 406647352 97473848 821575268 
298892502 372320879 131183020 600178481 846423171 129146317 812333739 497412673 17326899 137315387 
553560161 160694831 632880985 44357797 795428896 987113433 497365958 803656062 474101470 356264162 
959813170 53856567 823798709 492789296 72316857 211057356 113005154 820173424 9930586 116531768 
862860743 649341069 834238075 471134459 556677738 390830653 328718176 382792346 200648948 216704629 
547115960 585383199 670550194 467425263 32382224 959997845 803310103 582372267 223357277 874451085 
454672696 848838507 794703222 194376860 6792781 527151157 36933014 964826331 104112696 941918421 
833659360 99970405 19729142 654303321 162452692 996785117 143225904 969263251 340599258 50615782 
910386093 302460059 573177280 684887976 485988828 29685065 540836659 135148114 740575822 901118399 
437806408 525927058 570433594 158837214 606597622 218126111 700221688 736104652 770843801 859422512 
566496902 758255989 12353136 73808130 167494150 452685575 198224673 928053333 436418110 139664244 
447930161 594361583 64471062 41962482 460033676 85637400 69075742 322918783 247717122 702646301 
475150342 754244438 102521543 78951630 487967524 653990268 229770994 707809280 443135217 601635126 
54532094 886740747 763993740 86717839 977670222 291809868 590007350 197533143 171904162 854152100 
297506772 538207262 753494691 791436535 396721008 38190013 109226332 48035503 25897912 580519886 
543677 37250102 411714174 563304879 863845658 391246976 410614070 943849348 35450795 709211263 
237630331 142582449 984077066 428177836 497424779 355464804 698221752 470853253 812909254 578876937 
924503192 827538185 198373427 42854866 823156594 29745469 251320058 799684410 32728944 221791659 
425687787 277932920 888887461 50440670 418191606 212966923 609943426 709938920 4956593 174853430 
931686240 878746076 622592982 988448383 192510713 475595860 104400577 308286770 679407854 864703212 
972567798 675987677 612531778 363781060 73946777 68587986 759699677 86695170 361921525 929391017 
984500746 793600846 800659446 574809531 686559481 411975764 899295918 124752296 987059518 819007814 
548207572 177910738 68446545 262264152 526476608 10687454 997170444 410457154 459484528 299635515 
889708592 116495553 668430855 105121684 77001952 589013782 396141129 567078236 128987684 497706885 
999066015 714593354 402839143 339463383 146434585 20303320 630581754 33402072 649242343 183328200 
957067663 39354074 633110239 99361945 501264574 589855794 488167163 764961298 883604611 150914742 
826479832 147075518 760847806 627478852 36735288 93164397 695714738 18871356 26208896 27048368 
107546247 40154629 822730554 979527774 262928841 119816070 142710932 626680594 420990694 289411755 
72711392 810183594 18827187 81183462 463135251 696373449 453884136 907338666 509827142 270142550 
21634207 152041712 6240822 204960252 261371097 40788917 824478153 256306600 88456697 631970427 
509675135 473944590 261271879 28299716 103357445 937703204 3067245 858110108 858786472 16738468 
294841087 312842508 111336409 816243854 355404524 412880039 778542254 41609637 834387213 797319424 
56633441 82023917 191774879 332056625 262636239 290854195 970420416 536416086 20478201 747593605 
706737908 17655056 707857799 248907702 692915619 313225219 722181953 339581404 377246360 593589592 
753231764 350226897 25878403 552128315 96088851 623063477 391884409 744715102 709060082 39622249 
940193903 379423093 204457612 219510806 490171331 72257976 543938527 759209125 709024947 978787172 
224150539 109539909 170312163 302058298 18896599 377547752 968341211 356643326 802195500 546220486 
971181703 49738490 968922776 102524888 703706549 992557688 968700364 115309662 163915162 323716172 
994915614 689399385 605644366 310030919 418542088 164523026 549757259 364704453 40274599 353814929 
56392177 474150688 719346749 642740007 930787846 782394 525203888 274649061 116590640 9604343 
77084168 234307618 538930809 486895298 38270195 433349625 102136531 8855556 986335046 788213193 
243999632 7703727 765837683 821783731 201933288 708669625 700885524 9707806 540451960 590629016 
699949672 502832440 907260350 886802379 31707342 889642859 607820446 18734930 551144784 965788908 
924785888 512660528 964839444 764933681 592434608 481158640 30440936 891789173 531866652 807601438 
16917184 378957622 667786138 117545417 762118703 583181495 637109887 84269576 516828656 89566847 
95254665 668315762 713057888 23826136 767127894 323121828 223858433 3326545 579309290 92678079 
31779065 792042557 274452525 864411367 51663759 814720306 33168746 219125189 477812918 490175371 
619257042 689745670 612643707 382806502 934068472 437221594 113454740 730726310 134917970 703841142 
942177501 644263793 457760958 52805009 954129873 123698611 604474874 647404779 42698772 600112922 
612459050 201359554 512599018 779020057 952712534 305310812 608064957 671049317 151914218 424409984 
523294875 924948859 601329717 714318588 493988021 684427031 4753130 213792544 633847266 410824382 
677148578 2572865 368399897 8267574 187228247 588606264 687099899 841207049 924734186 39707104 
624563527 906658053 11296158 934025116 854955363 341538494 914833308 833925583 441503706 84316939 
71404908 209769569 699231960 134765189 178219395 329819713 65630640 631631884 599826608 305045981 
379283287 380576577 487479981 247475116 945076454 347934476 527252117 804468900 786433052 309577752 
622709607 143131844 495125978 465607506 469348999 195680652 456922277 505142382 800453181 690807936 
822422311 415614051 8679988 298818985 1082030 889872362 660526078 595279379 269204907 109022722 
607519115 31882319 89989685 860163694 474026933 21252851 63675011 71540789 37155511 544902423 
516063606 493858850 203801264 358960342 864463117 503715650 364451364 723088338 327268591 684681577 
712290427 800782767 410797796 341595053 938924161 878187671 108673884 55053032 674708197 959131572 
435715047 611928634 600300730 30765498 43178938 459202950 7984120 295916378 726358065 271733744 
34177532 265045456 750489416 674694758 710296581 330328406 258248224 637271572 463807925 421122991 
937777537 831958765 216307094 478013085 550912594 149576233 226660241 523908715 17465378 400653505 
457722232 332955748 433052578 951209461 613787006 843755865 757917993 471584199 849917113 875396127 
472011567 430465918 3932070 956760079 753644754 669649956 500144806 310968197 960332884 19255046 
71510650 952903265 75992475 361889340 488996044 647422089 976420016 663728407 920880294 496386149 
333576256 938874549 783411960 312735073 665996318 474645106 146837269 33673839 511353791 580699251 
371053366 731735170 302798013 566609949 116240118 927701268 326252885 833176220 615633364 17757345 
422648552 192246110 881022388 223369514 361278589 299952277 22413663 623205555 884086078 23949752 
238623487 445362117 52398839 145160706 814992035 883725293 2372249 140710130 308808897 68870715 
43778749 6728904 479376559 521281988 757636123 162183951 151650088 96087584 879698959 982772495 
488387790 778202604 928981277 456740950 196402338 969251145 654888296 60997432 66925709 256446556 
7596860 128087371 228816347 557498828 853827462 252905450 252629947 420684103 773217367 370893491 
598528449 733294077 411147109 359224841 472437860 363661603 764913801 309835155 206175616 64410225 
67288130 399083196 86986452 161730726 5069872 355254065 932404357 21844991 354863003 670602085 
40846744 8922818 764943851 189715728 255981693 482571193 659512621 811295148 406991232 56383662 
920132243 49796854 51545940 200360694 427525876 5917043 184544661 915255265 863582536 491548906 
986623291 529727818 374147374 47221986 990604070 569557517 787183974 40896302 171862171 117814923 
470004311 469907037 46993344 584201000 742329482 33071175 221562402 407208652 75541292 832465032 
978210608 91839846 774186640 451523837 92978878 401567333 222545579 482615369 60567938 148106045 
55772054 726165074 515395995 20855272 527290897 60349636 20204292 644818787 948513275 203633037 
903238694 235941421 398419162 484391263 872454724 444026059 210294361 797920818 563921420 54993477 
244887748 939376063 55760909 733501099 203173773 608192517 979668283 583941514 536531403 83307976 
787396972 866111608 806659254 495701773 572976606 529752973 864362029 477190560 681318320 641279463 
551683888 996509582 209367652 965535781 75101798 129002923 398756452 439481068 49975447 308468238 
110694266 465005926 699897140 144196240 561002326 282416062 685647051 867615568 62957067 531594661 
499146643 565062961 809968275 41315023 118373862 892806234 255411526 363977592 112440513 504745654 
16233574 275849945 269819974 962040434 4970136 211440051 45577273 429188226 339344224 958503628 
310655112 925738780 373985708 434504556 436027324 143562811 583407691 871389663 15723400 40685597 
378460785 565296119 850683715 544709 962622005 256388487 603641957 325721978 269540115 515456745 
756555021 34321221 382735466 876004217 239289467 253336440 594105343 710514712 23712662 799862563 
796870777 778566058 947244903 252710556 181431267 76508056 59332508 23451135 896853549 875048527 
524439814 696440748 572456874 469124543 720838684 220595907 542778259 778342364 117011317 960805291 
785183363 365652768 450076241 272754320 897017082 11136264 59474705 634072032 670268891 367700115 
702549435 119021262 263523565 287507654 9027191 724216271 45070172 114369323 712786965 185498399 
664521786 278812236 153331333 571966269 606819064 563849277 849903964 371688299 458519022 42430736 
271240790 132557871 361598680 906394974 604356558 185158613 916896598 82461893 940485448 109841643 
537552747 846016612 869565416 22870722 989570046 410284385 450946296 16910323 718927196 734914403 
854928486 936839897 660321716 678532889 307242307 88914961 54082969 633548977 367575621 137148157 
7297157 315532897 68427333 7401541 242414417 445338338 20184770 52178516 410952382 806924272 
334285918 444418007 36903406 50437323 996674909 241889858 393423083 461059257 395960872 344334411 
714943264 514012546 555055055 679243885 47467995 985855475 854031490 205597542 876220624 999058524 
14113302 810898106 97161881 106710289 900038791 67256110 60597039 48152299 961396848 765120333 
958391922 290739145 524596629 717039078 324896423 717724425 18806617 412186764 725317365 290915344 
651531593 604499477 934659559 712133320 419188112 572296475 673546221 649181211 50928512 269826687 
645702107 370616444 66663951 2555360 25631592 609198687 841913944 331026984 59807663 22491836 
228847126 530919424 380178867 398333329 37221932 544026711 316285652 752818269 334165792 411789536 
477342043 287921318 414490010 10881680 742533363 979051635 516494570 165184036 628061996 727573202 
987050368 166269593 398175738 142832211 44392816 932300722 700722740 331895692 359327993 280732277 
725529110 286477203 233855220 240849326 255553472 309664391 82173283 78426219 241421237 745030151 
25099244 729355390 826055517 303094713 492165724 240200959 40105859 427687877 379417884 617623751 
684793559 669498199 845950399 316447989 706177133 99686177 150639483 283460461 346146364 468102614 
528086954 9019219 301356960 369021616 777242698 249361814 552963033 815417323 258865787 10235744 
941216906 746751304 342328579 242912423 263645243 724438667 81390285 727257247 339350743 855267837 
77059430 404994628 7086638 460310250 569229183 604996308 531612788 562078756 199470958 350022739 
943693504 600491647 813334956 924065798 494065039 114536275 49103704 373923064 704196926 21775101 
703634611 492533368 572280979 273616734 368331682 514826905 40247604 329294427 63267886 75028657 
467969071 300937307 215538952 687013851 442494066 622119628 561665535 379727221 446985552 240281246 
320583304 815215522 717107969 848589510 143558206 44810185 399765281 51868860 71485277 969050389 
677702448 866971902 15960394 67735283 49334544 451759499 501182728 423126934 574373772 579406953 
487146433 718282358 864291020 561987616 864056131 12736716 80488673 66571324 691052671 599049753 
487976511 528804814 180494347 825608861 574471742 795068395 131417248 688607 725198744 951754284 
960805277 778500907 978912494 383416109 258370947 36501518 528953155 796716303 675843191 456436957 
42451071 252117494 234162883 259996461 356017645 751306378 481214294 394462296 768656061 389550202 
288493119 610711038 153379459 137953525 56383797 64496257 886946743 559455023 778976275 810672007 
566477363 269232866 591528788 156693628 502696376 435501770 177830555 867506446 925890665 287202088 
290551086 566494127 84150606 809203776 574857846 61196310 455122642 518734043 209954945 528827838 
596534598 502668486 295587456 299378278 552519004 462369617 467318601 899542159 415131308 798163409 
477735893 882905602 630374962 70039581 301397443 68676678 828130510 203317526 910576084 787668271 
396689859 586237208 353911405 168312139 802223417 27908744 169142809 946085490 63147195 50801747 
656365060 428001343 337968058 928101985 43339905 86573200 110512648 212291620 764220292 866589192 
603961950 557011217 303567656 236327566 13003478 588054817 964810795 647610829 850051441 477417295 
982411885 413112242 856071826 672503838 264096629 287271665 688791425 222526480 361234668 54496639 
470806761 71124528 815902496 714845465 229847387 577462921 473318274 930737596 10459592 782263469 
539864872 185883691 214004236 492379695 795423052 500406893 494845790 888915241 771961291 858576972 
117472 437856951 529607590 970723799 460677653 61571450 29810052 338320865 920445797 391656470 
884917807 136825984 727060635 766299060 220879636 401659278 46147431 46636160 916592323 32134955 
603669982 882589228 71464819 688170041 690194678 723795564 881624447 620307166 98239242 280243064 
597379555 982219526 394357851 875223181 225320128 2984670 51388300 953380460 975482333 273164123 
62951972 849494490 936892707 627873458 122788114 712358430 14270752 111207133 876275489 173459334 
167311749 496657948 73243014 834136546 951828904 446210928 793197148 833996551 27447043 78013730 
603765018 827740493 778708915 836070202 390721826 969571858 205917434 662972937 6103095 715951157 
36074941 580524192 145417474 373447324 250812679 130617174 706817420 95997614 802162820 3271749 
494108103 627657433 777673479 598344655 844263429 420885774 384329476 217107218 894075262 942411072 
382438679 39850102 33727695 838964201 42963579 774580777 31464053 437715076 70814612 640653973 
944477527 475514900 830887526 138429167 954898746 425194396 170992923 6148013 770027851 714409637 
506239105 479490314 136601752 247035323 468052617 221862276 26088598 37413615 109291721 221006942 
827267485 631776855 338132731 840350751 168675688 232165514 875270524 615315729 674501014 607257893 
30088653 15396804 170701867 821350217 73721623 509179784 373019663 855818778 431086751 4829430 
213829518 606805825 806361174 773321832 577665750 627477867 716969803 862474364 43770493 320282312 
330153526 141236373 963935736 21653389 970269679 572162905 104655397 536192114 928934901 712628532 
362152898 121270581 535671017 550875860 599398899 732073749 383942416 570836908 113029313 979581783 
227892948 414010481 550261653 496670149 697986883 360079776 980481985 680630058 318574734 257331701 
80473847 737843159 713432715 198074613 64612816 842130977 670448436 791046502 548440646 595487968 
541567270 884083665 599852602 307259890 871347747 252685575 387209712 797095094 622736785 812024985 
277777038 647599250 368773881 984152927 607058081 570697582 787137672 399546866 45152406 928667702 
751388049 975472433 634926918 301915 388858121 74749632 648042595 65285458 514409481 442066820 
596208908 865093397 587665488 410391081 282338367 882103454 562857662 884598684 375080800 68772717 
188277210 110837649 433159352 247841547 50593870 928765694 822417904 478630269 69336934 440843934 
8666265 283170257 809461140 754112880 669068968 354784407 96722158 65282356 400983283 273789027 
41202605 80983797 954635702 189550671 331229362 182857083 988817680 25857143 820310522 452144084 
867071365 62676092 89234220 29542868 681894526 705133571 80682515 72052367 24173252 407097651 
224380699 569946341 571191049 340055354 897605591 14709232 755402847 732787400 40397180 705449876 
768502463 734684818 105375588 800477432 719865732 97609168 646658444 555867910 540352493 455333056 
169248533 719094509 556677023 831261985 797554886 519976096 589846304 259929273 729613193 627587413 
798039644 5874639 247726826 335909382 43392291 10902449 883680155 789412339 929642411 307694896 
960175602 289240350 511100167 956837663 393429097 8758477 598640054 507520215 797887006 273246221 
516051990 498103478 893621585 764786217 821731564 963776156 100684265 997019959 259831262 910893677 
657297390 419541643 897943545 535398033 745495056 898548546 51597355 891661943 98721823 278518456 
690515914 10970892 912044433 573721874 73680139 59839817 833685503 724666805 760845197 800680613 
585703848 763087309 884494540 870980507 445328365 205409992 355730606 438966317 617954771 338702552 
331454969 898480735 134275716 735264116 762280666 571668154 713110479 733210071 832861023 820171467 
558007459 514211200 73638910 16032160 636296088 705333424 143164429 626330707 891387238 504027887 
839513160 895177848 347752299 769279368 3596622 754085550 34413097 267785736 536507940 919885588 
136876998 107357379 907534000 73773519 41685130 251409231 292362815 301314441 756627301 999545607 
87252480 318574061 518930535 844237705 725321606 106793516 336335686 367434040 238198602 849611643 
568631260 365681595 4399398 172441490 958530214 646208637 63096539 937906991 334131014 568169771 
57460878 311376017 203107073 254819896 480091971 972291582 428808001 329035100 327527 447919166 
945310741 172999697 125470028 445998365 923026092 79556117 533761442 751671788 752455646 853979115 
119348227 238612993 404369059 865355098 888601450 698140978 608197273 211406828 273525430 602566238 
406944386 185931120 296455980 276589029 751573700 195939960 225752818 223794219 176846824 718603484 
640101269 124304409 811473180 486965813 647681156 650812827 27622065 789106275 71428499 587163683 
14384796 774487560 157840761 60279588 400730362 948179210 661940306 779865753 171251333 893067541 
824588829 538617212 926108448 884744215 20730686 867883087 106674768 956229314 784089342 363833750 
556243903 633688845 723723271 54052442 424281532 416954036 817100521 918437032 921704374 710104499 
447712920 7845903 788608197 349238479 187983595 749865511 22924833 96204813 31189789 335834373 
59110311 361206073 461392 999890376 954216541 670236256 386893318 527085839 350888164 876861526 
110368934 169751424 227041799 898429233 78894589 423759938 389888307 48808652 333764538 697239427 
788924668 264105286 87732209 724022516 278563733 335267200 580971417 500672072 346758488 475755426 
18687246 894861752 925046596 44048791 990946959 629456002 90651002 232307084 309632193 380428646 
882288064 983315573 991779114 29550375 533391870 726399112 217621687 883267344 777427652 5457855 
508469815 46315884 570883521 409452123 100778206 56495629 224576589 952754524 97369795 969080519 
837506528 495074570 478722914 227715570 106670745 832869231 6511131 754853611 619263416 797874906 
19297456 17124497 562192420 690506845 309779915 868022733 135271142 941769296 41380213 545396740 
45535660 372844237 41318304 340424100 672294215 493990450 59452063 936794781 830051885 811317666 
182180778 127133924 423524088 173067651 433666907 936919793 552287973 934569985 236826674 19219009 
65727061 909388682 356802836 342179285 936126289 23914319 851493319 925622450 377027582 758179787 
841016696 133730399 410862892 700088628 21815607 712237930 961015501 402321931 851852917 464529379 
687798390 131170194 669678988 778697183 717471712 65461839 590194743 793242103 452025194 166715534 
39941142 823800774 492602516 719926492 552564012 18580590 865407621 324744334 572219488 53563668 
992150662 999735864 591650303 908639584 332045445 73199157 371223609 536547838 768084372 556001063 
50581919 571196191 1221223 743056492 857284523 895846137 647737305 191162541 44516665 251690050 
680380263 31208532 458076422 737960121 646854067 919486481 373720120 98817950 821852418 692217685 
111596758 787202101 103861183 880044759 731578443 372382791 952024822 41296657 179080679 872449696 
35166937 839662276 838672734 503888274 584420160 719772017 579403079 61285745 753305121 32122334 
577017246 304256789 501287452 124322454 922890819 15494747 591042290 587339368 124428664 98428068 
740454920 467442407 646117991 830235476 666939624 149535465 88600474 859171412 729371584 690290952 
219263361 94570129 19492833 601118244 567533808 46618747 493283905 818352096 207131038 541993607 
36239353 680988448 210230439 332339117 789277386 21832848 329220875 520733162 998356881 413548833 
645636141 69802176 19322069 675995779 667905109 570568625 804508481 169266092 174624558 944940231 
807060001 643110233 728728136 335779600 810113512 798777991 346456983 593997082 468104875 185301241 
648648690 846932859 961782436 546037173 724475285 254057292 808186031 319914887 256241312 359956648 
931358416 551127421 93885334 602284338 740964523 732727657 279709151 933091980 250122762 689665634 
891159110 816384225 717369691 985697092 333867899 44512092 590615088 780388651 748043410 856261807 
712320957 651331068 127601538 21888398 532031325 719850204 142252967 524582704 358802189 520569527 
672399425 323850196 63236590 616396986 383962867 674589498 155972809 589440729 121266757 158259494 
348163204 924275787 529017890 123278305 529565869 193463305 345282650 58539704 302630903 430617426 
734199585 80571515 892482743 289302570 625813391 870692350 285970279 684478422 243980830 62035611 
852543780 367553889 9484590 666113199 456584751 762337306 746186117 875930649 346824815 734726676 
295230663 244703422 832250350 623558309 63352835 126026504 849768280 499867880 463270950 47620193 
350907007 170986043 877395589 198324669 138286298 929861825 367028055 291711502 225663489 458728929 
125836344 174038221 16425009 215286981 162235048 29914232 858268879 605204701 947694218 185055502 
711660254 46646361 367497382 506619540 899182984 74862258 6268710 474403732 673303706 380224289 
924625438 997009305 603236615 959969062 139537917 456745397 263765860 645869827 259196444 15134459 
890095211 598394431 494527799 67332 114314617 955075108 783567342 816436334 257173264 298110017 
218935620 264984409 111764309 87566056 440883489 795090921 282614418 102325681 37884624 281264839 
606357429 994282485 355837314 207722911 390755024 71506259 166936777 639748515 398584727 194361904 
673677085 160389639 133911525 48605743 446199898 773970563 94485048 793853629 694510656 595139028 
400196656 530985864 474565874 94399546 92662036 809255682 81252728 424378876 326827085 993232098 
817821757 270159328 718096360 817487011 67572114 886340532 654997272 390297604 995240489 68234439 
209260722 869227910 370937242 310214768 643482032 438831858 687528162 487675527 220870575 622928848 
400497887 693529063 349965169 383234033 944902357 262612210 589314907 552856038 465097964 319373837 
765441528 350625158 26231983 627749407 540865652 9456747 833706382 333681430 727000353 411573878 
49435484 452408930 973039094 206343239 795946196 584202104 273485579 714236358 314755597 596255313 
294194463 796687006 943816457 828418537 779635730 544787132 323473451 822079168 999960939 343846100 
84573883 867980636 795289299 609239259 248929125 3777220 143832215 45636238 743680183 682714375 
474623018 20100585 365268390 186946995 208954018 573437874 709302282 564892767 636648246 356771821 
34524957 17994017 652132806 58917989 682382848 179896089 751736147 94981417 61822005 214562532 
185754242 670948620 116140583 847573289 150056478 445761571 313581471 511195920 133148563 159451723 
571435596 308033222 302676852 489751969 588918339 55828987 267894261 579997960 482200188 371944547 
661226866 459085478 16755537 60382777 21667046 911589991 658517251 612290231 939554421 797524089 
779701813 640002719 766060003 412060622 125792879 646122165 173959962 147508382 658486429 947198530 
577981607 900024034 553863565 268733843 78955069 852842714 682324597 379857016 816443186 446335367 
22689129 661673158 886303997 503195442 968188394 862931158 887989694 24718306 303845203 231882243 
405552822 658075115 854913897 540227375 528388811 55937627 216183508 114743103 600685829 538650506 
111377823 350996379 10643731 205877651 391098811 13282991 208269255 383345365 144248186 943076972 
984264086 929452657 554447381 479896263 240169241 507941583 911160870 659486777 904307599 752721946 
660686894 903033406 896728408 366534335 54695695 41369557 18331258 628091378 26983572 715148295 
627065633 832827945 184262118 519848025 426658328 847293343 320130581 600743769 558478162 39603410 
84144788 992614678 437940323 102079749 59364282 483093415 335548678 29083838 552446791 441977251 
408329624 986907210 86958806 732024999 401834395 76012597 609331820 585289684 23397940 469564371 
513493233 150937166 60428973 780371386 778614961 566641086 505788661 762861124 41060827 405808337 
460618780 243204113 742658 312450487 454586072 868801156 761118111 790693028 100797442 11785792 
61932684 665541203 274586393 7951284 698657418 509509246 667900605 476508046 359867069 298153575 
162986805 605933887 389059883 957629267 23865578 668695421 185217344 141183241 243492586 575312581 
864620621 487539799 856258919 878814675 3399171 297193869 700751925 228572204 567758078 985432832 
74899791 11774613 146359605 174557065 840622930 633385882 853797515 489185539 757454848 647291401 
610360641 769174225 298251967 452082548 756434560 838758485 472254231 248163507 453028564 503780218 
245922616 370754143 343428267 294404907 2660977 220440407 443490011 730792410 306199482 12202815 
850511641 113097722 259919916 47857403 975548547 497938053 833551747 217630010 520826391 387964279 
269912227 204651750 54275386 977164881 901074960 33554867 107837490 182327959 528651892 879866522 
946571435 230563410 582180125 771950163 861956662 885433998 989007485 300264926 504114374 860470237 
11122856 439906556 369944369 977585363 121133017 602117813 35047861 480062600 590950637 651989971 
205209712 459577625 415382502 375441766 69445095 437629479 832708202 691426110 693372288 987002710 
486465 166749812 493579783 581871311 784675803 791232482 46500396 635351999 998786248 466035366 
684033285 470142166 19025470 121235107 570960005 477164233 734312342 767170304 715969547 576102097 
987415759 143401127 949202133 421001513 793280778 775786695 423074440 276701075 565065996 451273555 
5324713 419396564 10749375 543580545 606027304 133769779 922609329 51332682 60372432 603222015 
973597844 602418929 18960599 954417670 70199739 350143861 214189654 342022942 491024036 25000221 
503796421 704242336 213008489 656911605 37043847 525869800 466200398 485153867 345513565 10014678 
33077046 801688882 72638448 478174544 514384941 687078655 111680588 146597310 528260320 564615374 
824900192 237445260 244446496 57195518 7624574 23600811 146759778 810024625 744537058 691720977 
467008578 320705613 642124068 245781813 216066812 399391230 658407620 491158420 107298290 193410353 
677708967 763670575 782364713 620732955 682435475 477532426 634384587 884560432 522546101 270161582 
744635814 27619499 355814684 597183144 826707372 862548749 685673531 998460936 136547185 647250839 
922633323 35123171 127541168 283821007 764017255 192713681 260426695 262179073 97599182 570533999 
926618678 53699770 650076325 979529182 600406820 396997454 790048722 268618819 104434393 886454867 
666324898 691092037 30339141 378804004 500668740 57062290 977675640 218709343 625643083 663076698 
169258024 618923367 45898544 639272658 548493359 933219043 39296973 111026 146909706 599694141 
470582244 480972472 376158554 755954725 29722007 710014500 32826726 82285067 35018220 239338553 
268849560 980078248 981347155 59163585 601988092 314838902 422775320 749920394 565210053 157860915 
863214319 338282979 985151943 945321314 96123761 13132575 121332989 677143242 27220633 438675995 
213093637 155726325 135273287 476206000 739736735 305802418 194545341 544372287 940876850 165220243 
446451493 240905774 861217863 915892336 295248393 487329381 918251532 921666786 895945432 50449616 
67765713 27783369 897148264 881834722 640215951 235865287 370827375 202455052 995607900 608175298 
45125641 37289033 259832824 358469222 133992501 273079445 542993732 466950049 911751000 535092081 
796405958 597572901 737663160 661192546 4629030 981147881 120133378 772815215 48296370 674666665 
9717445 944004006 205783263 786885729 763060469 467050391 948418750 858416342 704218473 11170518 
489044108 208398861 726043997 787844990 624705060 25389009 972140016 125357737 996006537 318766642 
337947303 197743354 534408289 794258433 937695208 277572883 653961845 926339413 357412224 28508702 
524467763 733555721 685353246 952726601 531525164 709140540 33486549 25492289 39489173 348718799 
393880991 337547455 751320523 570362858 92378581 997998841 34757320 363552120 470777783 823693100 
624513967 551152038 387822570 658426392 626732613 706981224 612411380 551758979 932306037 38717683 
371640514 904184757 489707211 647487556 12358434 61938681 839042810 753055129 670398539 730478884 
579945046 728051 347864145 985516294 173806683 102376346 998321329 585903610 975116580 337842840 
209047755 474366812 638527477 243508028 291726945 359034381 8373169 824431256 938370077 261190385 
573249381 68777219 64261129 586538353 476327100 502371994 690900501 720107001 459405960 266376632 
246200981 439797883 846966079 571544961 937231552 927087339 906181499 970762843 392500530 6665153 
25346169 229036658 155495530 941707387 637527707 85799988 890606925 425667608 3727846 24603859 
407660450 867480989 921172613 230092487 947313300 799020691 553559876 921137225 31612210 986294663 
334215190 207481305 870415090 474218633 433393808 133866681 922745387 818740142 266138219 510056815 
55431831 252243855 744282118 928407111 815554006 331996104 757784289 231105998 341070829 373928313 
768950819 943639897 196808131 74295751 635856149 420543356 774756259 654584924 253783461 915951251 
660951997 235226595 868249316 997890876 968027300 617852558 616375177 518503131 675469266 779903120 
403224683 886614549 156968992 703970979 785196811 642856790 10252366 509627011 598745096 295649611 
557839745 256273264 554730920 312051048 945451456 417121456 61680725 853704291 58662005 876715019 
719873822 36000439 889585395 599674958 855592499 374821666 574620395 117759944 62460777 871893288 
29776117 393346768 782716092 508712334 330111245 206323261 485799112 263691999 392507155 654590444 
296810830 432476138 771231050 661915454 369804213 766010946 608857817 673233815 858492295 206295229 
626633293 578364128 410434287 514711029 343839765 454364678 701023554 907246282 262861061 905437561 
901346675 877428958 430602452 852306862 332967581 468931864 744745119 288115613 720554109 145364514 
857089379 483764036 525072885 257907435 748482182 569635362 685986699 109707558 900374607 156926908 
296897000 913083336 990807657 482983452 468471897 827429262 334511716 858326093 272434001 332348277 
68266548 80462048 873292517 755290944 638546608 665713770 666672462 249291253 33804307 867566596 
753363307 105406048 835722880 250912714 346124605 998730639 793652343 568645980 364563561 979380052 
849109345 866800224 184257209 577046726 978853385 777267966 426233499 60196032 561703199 186349666 
48344479 145423969 563470775 648137534 107994367 188772747 24770503 26836036 712185872 942437732 
293531823 252265649 384982737 498202840 296953257 746688702 433188452 123620116 673978972 711404077 
951059855 105507340 20827471 43307713 791146299 559243511 29067884 37283526 352984309 762099406 
188596102 571174789 749064560 231075024 710249166 781782481 419486465 471829760 349872477 444604030 
8524832 956582054 304312237 507914980 26830318 67544778 819856927 77307744 922501292 6977723 
693554038 513511891 233084477 124164751 665861977 537532450 777410220 610069913 42894037 597044916 
854811303 19114741 62808793 387460855 853147648 10855936 7526586 265475547 937464875 214079200 
58821805 112319061 483946179 310629625 162290256 15845852 332145670 241690998 225594144 107229425 
339867476 43768774 619549443 27393424 829937076 987187740 202592960 811252160 413622350 16874989 
384854658 32683527 927139570 527846518 200105050 694369271 154710672 221950260 638336698 493695131 
254738366 709410922 59667705 686362378 751208758 634049439 574206934 620567773 786154068 838042141 
93241326 16378544 969040284 608296819 756122693 916003491 529128242 35717106 881255107 641808092 
507210593 456345909 30167219 457086979 102347029 226786450 521812294 940301253 132274272 433363370 
27764237 176810833 722195705 567507679 502346627 138809822 738700472 872005079 636239745 850862883 
42029595 63697406 391376840 595407325 261918405 169301762 870478459 10671693 876215801 221490005 
120261282 417105079 254875427 289508014 417161897 667546596 597084240 812539016 117436126 36803489 
653664433 456020642 137715702 709333822 932678428 8451965 368682376 199817232 985372811 506481890 
55064208 551175151 584931995 957348441 551658991 24306103 502418957 27378097 192901350 48094669 
732484937 106905472 169878942 62099087 464143062 266888602 373441442 776851691 869954531 223595928 
834529378 653633740 49950913 711411036 688177587 801633697 15849832 863119238 29869641 988845792 
419548142 630094334 926857796 176675969 68166418 652123246 542666145 20050817 216149687 651265734 
638145220 6954595 569784416 643700662 595971829 817178535 331746745 675705655 337401568 434875481 
990124815 156561667 762597651 628531332 115217875 10492696 567314563 774414266 859485979 130497593 
172797704 14924173 653952545 724827757 958328796 719194650 976859842 39426430 869732896 836275322 
613220352 267784571 362752855 476595535 323141248 173081911 427549161 607233853 665081613 192646343 
210419618 901989229 490038547 697411592 675517488 483770379 401760549 922238231 347695016 411819721 
445799287 715106007 316112130 397546331 617006692 809587566 245621912 486451705 964317418 547386056 
427728555 189955552 219304233 566899987 207769055 435699665 464338664 794237249 304282042 820235408 
660946448 178834314 430825768 754193255 512538927 321491943 810278138 204639393 703630326 110122135 
64934498 34652175 588791227 689707166 220345720 866868102 847563768 366359106 569187257 470341982 
368084170 919759244 795827843 408532725 244445555 627981005 477220250 473512746 928436440 848405782 
328888742 233557218 52994564 384633022 900062898 178215303 590003875 188585440 866916015 313314180 
351896968 143149787 291568623 500601035 418190632 811303632 256791467 394899791 274044444 487756839 
25202300 52196746 62789027 437288715 868736230 135175415 288124957 67218409 938376650 642524313 
39766929 287259125 67265775 308878707 185508392 23715237 982621057 971215630 791665840 921521972 
8776849 795116022 288226586 905922848 63212944 56890428 674289916 226432684 259658458 711830006 
509174800 655798879 172858918 223943611 386009779 64957058 78210326 697423144 486644839 111464871 
821522862 458303838 954582610 673196318 695906004 897348481 792174012 993895294 580041428 98696506 
649771669 458793249 83315167 24802614 917266925 672544935 804919431 413660581 486719609 765871474 
600272453 863476412 481244437 889357865 329592819 367012147 64826172 9699637 540246610 738313415 
439420306 376943944 967638150 46951608 923474011 884278225 707029653 239387726 69757440 361329545 
130588651 431560013 233619346 496970985 253876697 135080580 33200446 401392305 626143761 39361091 
595804895 502349923 39133484 432478432 729270377 670451910 54595877 399555377 510557822 89080931 
612794331 511676693 282852061 16700938 607039890 850360811 955177196 335387471 203322226 333661465 
751911990 23897863 609414663 9083015 149230311 48354252 220497856 574482209 40773201 513986685 
25581424 570423128 131209068 192936126 21178064 612170146 181607758 17920884 591496442 776646390 
450251703 805003595 264366319 808132432 689998728 573283120 580740115 994631731 447864646 52035799 
898163884 494365474 109178267 268949302 307333223 628458534 465869781 809481992 220266194 254554188 
807876709 894995276 112688099 401488931 907031906 57778115 380779119 985092674 450982660 561233781 
499551924 342794688 221551145 827548460 362704 807703738 723519187 273543160 119056200 995333841 
410174120 522814889 746822018 572582826 22693231 846880088 199561803 328865132 715817371 718911455 
26861648 771246917 739257017 892230748 386224810 316571621 979162112 854009522 415356747 597161985 
465684681 171845128 22423441 626782417 698986771 511101768 863136445 227235475 56635901 807315361 
62967409 904956678 240310866 625818374 389000500 956316655 541804790 971264685 724397811 907561368 
968305529 399472528 729920893 36107083 702805644 390294767 881807109 636473308 14150278 654327500 
32960163 104693790 764730847 479223918 719270100 473086312 72718261 747002590 136829431 394234393 
751778378 180325229 716532942 239004176 946945412 849637933 1159426 422875443 547617132 392532083 
709509535 403725802 755646639 10816858 103254932 497634210 29461280 884450884 24519733 71498058 
362917940 215832912 457365944 701054937 276476293 428468197 833753019 336844998 290985296 815829807 
11212731 25610893 482267382 156247195 773215648 123642161 854475646 72301662 1646125 434069686 
236896274 471805932 593227152 614551459 147040382 28454528 457562072 214858629 734697396 111948187 
71236471 16222574 618273867 832415614 670299593 895143026 613614331 575337903 998871430 136178729 
617689378 535246201 770461006 227646257 384372547 888159340 537140262 74505641 971604865 929917657 
714535412 840916918 417102888 959449687 276928005 653057025 822348325 538229825 419202440 709923383 
1969033 641759285 299525648 254692745 983655946 39950998 969246742 806484778 704532865 938705675 
310802805 326226131 853586541 259605246 456861676 938378050 57508975 918543391 849253280 143887542 
696538316 153030366 558174615 957678453 285002991 69070579 198975038 168886342 703286500 163103707 
225198052 894473464 920393181 211002193 966195517 33968857 51807409 206169049 114838496 17719615 
14441560 622392 549931720 825172995 262611057 880213246 575847639 190444033 711819196 400510195 
939904846 921230234 37913759 377813422 709122135 635437362 647991718 551097604 260778364 422541746 
395876347 62760590 649359917 216942854 673490418 315005999 422588989 211805856 173748096 14297733 
625720421 795890676 692855487 779895162 812435648 14383353 793002604 604005559 22222669 921849007 
872878185 23992363 576299633 311375764 320129083 482196616 733208946 262229549 702933389 766588869 
900668157 63732610 43157674 638804893 854902689 810136483 202926855 838437903 851838034 35329565 
15930295 537132509 188716263 576186502 57631734 832283917 731313820 812042998 634888096 322255723 
375128720 165197963 677086646 15842563 62496840 51151843 625662175 954902700 733186090 762814374 
183350244 392231545 946312707 131637499 29860915 50986566 541993858 48746509 987124829 55303218 
678994619 362294928 634341016 605483294 248795301 551908407 258252606 102985010 476419996 673257785 
662830924 389382744 529402335 858528469 797667044 844800704 239508499 45498825 278910923 673927003 
275048383 377776862 433623020 789050976 836042190 497289561 646542291 995910089 21331727 918094215 
746492210 71494613 13448887 439795002 843047264 365756298 640232159 305663045 760026069 221401897 
754528000 516246274 140699824 622983873 990410875 34445517 297048881 737719454 337684755 883728007 
288578623 127861203 535157615 31876372 113663203 633734328 471266716 199801821 277997771 338325351 
919243657 940420943 959549640 13599293 280252810 51810138 771646801 575052383 660512470 30817266 
491274493 132698163 661717001 796048786 16734475 303637987 652958114 631019444 922294751 310789598 
124164742 618263386 52772220 342282582 5799548 113050504 567687691 213696195 290283695 36465607 
67136092 848545886 472751663 27207845 420446815 61218982 662472816 593015344 86755753 379876064 
144009161 162494078 64658421 392600975 904760822 357174823 407385505 322749696 22476950 754564297 
662223406 790831040 976847790 838350723 580227777 732040995 937077797 472578939 455673508 353041856 
194536006 46426712 620076997 465096176 455732289 848212681 607671605 340908114 585226410 773616380 
65521066 537229898 535560440 41445670 334856702 20048508 579804167 728406531 260892590 34672470 
141222038 121892172 189926236 720391045 515454922 522737731 195375950 175197307 747536298 424493612 
48161260 265313007 622321057 953234640 932311110 884580700 31334655 167531259 315308172 958559360 
84129144 914448127 374493331 193585630 595830179 29151535 988304471 423251517 393555324 754286181 
914899059 109454376 440917219 60542590 715578539 252449388 117787163 260702936 980629091 234085021 
613536843 893750491 152480549 774746000 401339904 943486061 536085279 45491170 47209897 654757500 
21877153 114436208 805425690 799523704 143368613 106044125 696013067 466331093 879615040 768566288 
515868054 889821326 22644529 49063603 890075323 287393181 764788058 77102517 624791007 104703108 
186643265 860474057 101074249 120836296 39204749 21140708 43631779 666988656 574439313 718173891 
519089024 147794570 447819194 914496867 637346257 749743527 112406558 494818950 670383726 861980250 
547739897 464236341 579774356 53230523 69387047 670999097 920354656 56241642 473922729 347362977 
193140312 644016775 969572646 395570751 386641379 104284979 294569064 976184362 303188684 310371866 
579685595 841087805 294590403 242560103 71589393 559004823 152360924 549087948 485110592 43170841 
890136847 261818364 68517825 602941676 755160758 625910577 855751573 182196217 500300817 10125478 
516139481 679421550 737490629 857326111 580171604 938563135 36069208 158357853 336466673 705902242 
765726136 597152426 620991037 37128337 610670515 924375379 834788329 6336334 459859836 518359080 
927933003 897669847 115903531 396066813 833449436 666634869 674960956 599756332 571963323 547703091 
135313935 402907922 27740712 152712798 414417511 260200590 27077899 830624778 4690668 134170757 
898714731 34530701 185301673 640283488 230733559 318529026 93689486 567965324 994678401 751787719 
58636782 441635577 570602621 815285759 866329347 310412188 918373510 674221329 509094247 356131822 
92520153 48196902 867746968 25142890 534498009 530878384 64965756 52515090 855914889 23525599 
79594970 419661291 104206357 323095082 73856222 89474429 551854666 381861579 54411158 232294740 
419216665 532542530 910631031 639752321 153444632 16264912 828303576 661399578 788499712 107653631 
964301686 886964661 828807216 427434774 55483629 130628081 246390057 893320101 66838085 602388206 
854193168 79631870 289856869 865978064 907918639 248348089 332832663 205129280 42924917 239425071 
192871946 439703274 586825457 843831552 588378195 896689664 953573211 110158990 372955369 494715573 
445957771 59611775 62920617 499909827 434162431 113643071 667069520 436241126 836672089 856163195 
39886596 35952991 493761503 950746280 201241804 787284082 359166714 97507706 326852116 637055721 
920627640 513983853 746093866 101704846 291654474 496580160 127428291 459540660 490055302 464665204 
408366711 466839727 429699173 12081105 659241280 186894935 319872646 998128098 207904767 122005130 
294130090 572649588 288104951 16328102 783355958 977976859 990373712 34793491 339022005 694843053 
31033748 498141368 569889875 217869765 340404279 814184321 12191586 986084674 100382472 186093023 
40136153 689433541 232056000 697298759 741788112 57643317 775601020 402960306 286759430 213985087 
720276794 52248603 365695579 732613584 726279774 374613765 47374422 113093529 75567152 70120179 
44381600 180121235 736256859 511902957 133554823 47621751 286599791 415012098 468844668 49495878 
542889057 397214400 344009877 4579263 751974150 768699326 847499788 530832877 45031835 66390033 
672466110 800069527 562167616 259543771 113961900 415456973 510953849 847703225 368262014 992269922 
780896940 744379984 282542331 451254891 417640613 865002697 217774995 941764293 284716820 500138577 
140134357 255819149 953709070 876885144 531405305 19752357 191930504 800633682 748898391 598038838 
784838368 484675257 204072430 963284009 775766356 681993738 212053214 311145133 483106440 340405764 
70383854 345952180 524710404 298092396 250368519 721851253 513515187 133408139 891684535 523127276 
571744614 54885037 967628463 415979861 294749007 872198309 268873029 102617269 533748870 375774021 
985000947 741213777 480601736 723616487 292832470 521193013 792829619 425847014 796370224 572723375 
946829515 515872804 162476006 810379473 483500408 729824134 755222531 742372082 925356230 651330675 
613952307 951460653 847850659 453943642 134847561 951532512 212319076 167167017 833592761 936467503 
1041985 687356118 484064287 979295871 375851988 90803162 739633334 901957371 581870239 281723057 
392586210 816480787 595553155 352753755 42678183 189707000 223196233 280094686 993903151 800035361 
17653787 994770626 527487048 702143433 276184077 830086547 730974179 673336942 742002062 156433507 
818340502 594065747 575699192 244375878 858912795 794204927 103686661 651871956 808310991 849366972 
648288342 503386794 210712628 121753625 807143919 440359912 719726447 46399337 920290742 947438005 
700096459 645368386 691883511 276615607 164633908 934892798 704396003 558104219 13205180 2980413 
308882700 623912595 426554139 906221921 481365995 240036307 37836070 204911889 907635802 714445075 
299654240 717840823 960629531 807781393 924004711 252216322 275097423 831115276 517953153 332193636 
66905854 972406345 144310296 565687445 386310039 294189714 668367162 125022222 221959269 696961458 
849432088 972548239 22351135 816795642 398558856 19407769 626189914 257042367 486076548 840852981 
273247764 196741082 625081001 324910636 950584875 374864422 521248441 287237901 377214691 40523781 
446127130 461972522 765825380 206050012 133972565 311355994 2441786 160282259 497191831 506089017 
676459476 695190550 644400947 782369443 454942981 519030231 937727006 616916797 307558278 414920777 
279473009 573384428 517859953 627574886 511572715 25028188 586699976 68964393 749375340 916750970 
880700396 47365910 976064379 387571450 656687654 110081198 939558338 169723090 52219681 598508282 
794180493 553406653 157369454 538080009 266036046 390853049 568499200 51516778 636932891 992704394 
433585838 296376497 956976942 32040756 200762547 851423225 296772708 709467013 374342192 996428124 
670978752 146448265 15937448 588403836 969082853 597516564 842210948 535681277 147335583 964959548 
215959438 721755400 17805402 352983260 512340341 747772874 118985129 219488018 935620943 271977459 
773290689 756322241 301692690 20870712 373201660 88243728 565485593 249650129 855211606 585195241 
282155430 947875068 959215603 813680507 550097754 568512376 896965783 43643320 888357310 796980491 
175230253 836898008 79409342 179798524 384848193 527681493 904586793 235914137 71270789 152974317 
518181938 427538099 13318222 128049443 819928050 244850205 140873241 445138621 171384804 887892273 
377049089 543486407 815408743 103262794 676679239 924107663 861015103 577068363 694772946 67092519 
897812245 745127447 756961194 609774823 543979506 233008919 353879423 89669352 34177991 598388663 
527540769 612800906 962426858 302211817 486809862 938663151 212101263 14165408 262121415 47889020 
262022994 62806 810524835 938693984 869036981 327018119 496559355 93920517 642250649 666463028 
834287572 840892320 436505031 768092513 15585368 570775208 974225515 531161495 67807829 735649622 
64361364 746841443 281977533 409958697 156553141 216767957 7701539 187118693 459905063 58873856 
202123078 304803983 470432165 725572994 345831294 514706162 948341966 799098610 555125583 623713566 
197732519 352233075 176827615 632343396 680928534 716991529 905916023 470426459 197913960 187143870 
985236740 404048478 916529868 129640925 813036185 39612938 820580054 29059766 632013035 778000581 
860857852 277375105 36717011 382174259 966400540 298237684 931142609 699651007 21967604 162705611 
451924100 55968535 368571049 760642632 267918130 467055793 123270210 979762096 477333829 596077632 
800727593 998247371 175431372 791503168 606381744 879624805 914899190 238979951 842639498 912405712 
99971227 784038736 175525198 473468511 83662003 762083497 309283832 783824620 756716764 237318406 
521506663 819054931 323159000 470054453 385050848 333388276 42618892 833621193 13699208 333778229 
610975748 698026647 536723951 3683325 318122219 910214460 981502593 297808956 992279827 577097877 
795299858 724593502 688723058 962202949 922552667 693037275 566313250 389564210 816353911 489890474 
697018848 555934728 489312102 337540552 842085517 629612981 14343818 196734134 825295025 610133227 
770661165 240784888 503607795 63720864 917843961 926870168 408832674 309303186 131430781 516932768 
913069616 864859325 714176687 786392483 991175602 459096036 788862309 518688053 876105825 894150925 
46966490 408428399 15950363 399224323 356976688 45636460 71231458 614045910 634349289 939893198 
624649821 285085271 570648941 551865146 962657875 369814685 771854215 954470103 53649713 148519299 
977460966 985462995 8240013 450011432 98063776 881881311 136959386 31720557 145616043 70013102 
15136687 147265402 97102435 994478714 661718223 121638969 93111560 734027646 610044696 39609562 
938497340 467871357 912532049 884120141 53300872 581214778 111117410 51042506 537084889 736323581 
174256602 50725453 535356924 614946325 293264491 291028756 56318501 258120272 13817705 973999137 
974572141 3360901 448681040 852118457 821117519 18776331 824580412 614484970 203084075 508929855 
668634990 133025536 157138116 443721729 550194125 748345870 173917121 180015160 903963490 710447980 
114880559 459027274 524191195 954380595 652704253 1333155 25274377 809433027 87767423 846671672 
604028514 821839934 425765356 438290938 252479360 880066315 167607264 83910754 305227424 84664916 
655472603 160995309 846417444 510615688 204992703 919835548 9550354 903241433 719554134 809912948 
390412946 709023679 17345993 846130684 25267827 482347379 492750379 56268481 146001319 816051317 
