1000 10
228058861 820821206 721560515 869132806 480953959 957508173 965614208 786868911 990796373 34293184 
515077181 497226937 881935446 17730761 205919866 251683506 312378479 338040462 299238494 763754990 
645544839 174540334 451701042 797231364 998407657 10488660 357216996 794375757 829306309 228120750 
60093061 732470888 49662894 38356586 496109772 799204025 437623582 606764735 442633361 591431653 
239280366 325062244 181143890 59139159 851018207 648530198 494172081 46227135 246565651 898276885 
817463795 281590926 591527572 809384103 284528259 188645499 496362956 601908884 515562093 365844737 
825685003 649694888 488055780 443358942 440842501 746403637 668001469 832267157 130147153 42441871 
296295665 849481709 767382251 874436494 714812703 735351409 68121010 380867599 773636360 47259118 
311580652 42339698 425445905 19181047 660187837 418010910 696355268 781178724 486429364 880795385 
32615503 356438735 181922878 695781361 982053635 370269974 47776816 802717302 366898902 651681244 
3330112 457873661 528665314 506149896 597406605 63714429 843130597 732897348 428080404 5395190 
643793343 944843135 274693688 822620135 668742646 780746091 417487683 462165715 883980853 714663680 
333096927 423115717 51285960 315278584 208783773 351570376 262494498 397740112 979921518 454325101 
333028952 477594317 744160045 361957705 604919204 117163381 436160019 811114613 903740898 943017746 
509972800 628361485 240978198 744573618 439898425 828462257 408639204 55008810 39887204 792964359 
580992790 813238414 11615886 489372214 103984154 328339642 606336872 139368813 881575298 947422157 
588488449 559047514 769927810 67140008 797442389 948028084 527252597 775169396 453430717 571710130 
697399640 646357018 208667514 40451473 238380621 136317640 574497839 38515473 116984346 941157234 
19573858 724635384 58029992 290542926 812832772 729241486 259876996 18550102 537829599 44497952 
559802209 830208716 56707880 363977598 270371476 493015470 997615609 724949629 834551447 888411461 
282283467 263752309 561684615 734254236 29597439 569106371 772303013 347026176 982551128 115898440 
802546904 706590341 459265918 108261864 122389290 44457088 711801212 255643917 51276871 324336143 
777138498 589035298 775532033 467555981 809566244 726870296 111506895 585997854 642034266 886023652 
455236425 475762217 92539262 342314238 297482925 487386584 15017232 857461988 368418653 992857242 
357586678 39195029 789626463 376852642 72343539 405555991 44709595 141038950 73175097 865870833 
621125281 16011295 487510994 684625841 322980001 817938512 956486452 894818664 33626480 492591672 
638845878 13889576 1968074 92981599 591004693 725614478 242372364 796962063 449068783 85541427 
236837302 79405271 77339976 397814840 13250030 440568585 814106887 393924547 411095038 552041277 
945880954 599068028 428091092 32165579 442758094 853478159 680633986 155361622 996196760 651835822 
18909884 969832253 285503311 154397837 329359709 832684071 873726160 794951524 197108963 943756160 
447814105 117738736 50715885 444152053 982823054 170341746 19040965 849540859 324194295 461272366 
639569873 417231174 546925183 178785005 615083039 995563346 879803510 7171708 642643682 511976158 
964378256 318822187 28940526 90416747 489990245 37638735 50137408 29371329 573768431 468543936 
499401586 745333355 442944271 134044251 798905927 92724790 156869640 19894400 741993508 18586549 
779033090 458748055 390078356 560746689 925299848 865360260 714380739 992278258 425138443 815365942 
613722371 161820200 359857501 753434398 45865290 758995204 549857846 783171759 166430899 923141486 
934727091 201464802 949973497 555981584 403004882 925110197 154531584 788765145 587942647 851347623 
506407244 899508348 670909034 774289214 6870150 196227823 371753174 161117826 795282174 571332845 
389395660 42091135 461761572 63335540 291959102 129089223 809976591 48199238 299380740 899960045 
143449846 848529005 515859547 985707275 812693433 193396400 833363297 597185085 327735385 537933087 
432650394 254078244 321083771 980963468 102442094 185302628 76180458 147845391 935277224 400138022 
390066962 892509826 472742649 357137814 591507334 637945602 259509619 377250662 524745082 641387892 
109753614 507497546 56967497 898181118 560695847 55118970 962124785 11865738 628888828 14630194 
917866899 30193991 531939377 354219318 657871860 140914471 787110734 153434951 15935230 702850145 
906652990 158519472 641676606 431155441 912070354 672019899 870851175 696674067 298091836 745110076 
930430415 832516556 889058453 262198277 224840941 554050401 702366295 549143919 662169057 902761438 
294916067 283726807 987617772 492334993 116159740 667274783 377991156 15600523 680084042 529867561 
559853313 538027558 187290585 696633440 8779971 346986874 333837207 435171375 630830089 661009894 
980339674 16549510 82954059 231136910 860973527 283588958 870261537 908784087 36950060 775338794 
787291338 73051627 873797975 268868970 136337574 466870589 26225212 172025118 27065019 335435003 
421098659 628796234 904700725 14337436 289294776 590480246 707929311 189157725 48675977 705720881 
812979116 415587516 194319499 438793097 870124848 131204346 933613590 154341781 311086374 370592927 
344864484 651954924 601425899 340169717 723451031 150014251 647845121 106878859 566326064 531490675 
392571277 736624308 112872856 301304040 784196314 808565254 40333850 26754867 124117204 43643355 
830528743 932036865 748400782 381961427 660083345 943206530 274155197 216110672 404398737 67790826 
696830522 32156921 722319810 634032628 979103364 132374840 886097123 717847642 47879226 102357948 
429826840 724288094 20166054 23356407 395012201 9135940 468749614 207994529 952414274 802683094 
473928673 533208115 768835569 25731551 304921073 444766061 265828652 703304880 109046578 705971153 
181410952 459059102 419027359 449203237 802249731 639856002 110450645 267133173 793492859 78584888 
398934934 606320399 994626868 266052384 918519880 831837701 296558679 455924128 765886835 36763310 
779560813 957443487 216032583 670216614 637407464 656497164 961060627 25588680 657767322 576744789 
578236879 210435772 635877692 595222513 553450132 566829924 754606313 50690774 17449245 25220204 
414151072 96652803 448009297 161346244 954188997 282949368 338321585 966354461 457150624 103348025 
872406760 582220654 33779932 140778191 493304900 3756914 673299211 662171334 437161783 935256359 
797805853 884393904 274534869 23394385 528298988 58854944 565374041 940829685 212290482 932271921 
816549792 297811166 253439121 25783548 257695660 67964442 612539658 290482982 362016291 915465599 
979571846 876232528 521831630 521020960 542739921 686865829 838156314 767222489 576612762 564897104 
211810714 595356360 184770804 336523522 475120259 901915088 229935064 895839600 456896046 516300568 
418996128 518447058 382250138 365681546 279968142 435338341 501118184 794882133 810723651 341142763 
387678173 631006572 355911496 15129893 58574946 140513284 818512777 97964897 246011912 362283290 
584271829 350028519 152767870 964232171 1761374 327710345 846510873 918760570 648900672 762524956 
766967636 922777101 7624178 874852857 52226380 46363056 999072727 726598524 240870212 568951985 
779091121 24141700 350334239 601569058 836437031 371090426 68773609 264901211 688799558 708221251 
396667727 22398324 396411132 539806924 664910370 315987408 600087711 641934727 518402775 830998926 
8775781 778470503 423943946 31582741 708585 309209830 700878071 767918225 231913133 542732672 
150141440 6430319 284748434 244551222 721866026 778988515 913335906 405859084 44128158 107693668 
591897670 19926155 285647149 149270315 250019920 45713472 542256838 682772919 89139955 526388027 
231121150 858843724 291449733 526413969 40518287 545961071 252342980 887121882 518528730 200558955 
631340367 137440179 365201500 334104272 705594920 739067965 363525949 578049263 689326392 970518941 
497164741 493094239 429249995 367225466 519004388 50001785 918941968 463764098 189651626 338561249 
41420955 838792421 188071117 685555700 794375395 125783768 471336743 337366619 858704835 916211220 
379577909 846089600 18383613 301340501 485596568 94488338 735126194 412632283 820806296 24328579 
804014060 305589484 845842076 634742924 639121172 326086735 92164531 52553636 492650108 705439954 
548662543 241826957 492644567 826208198 55836036 531413959 278118332 233026686 329092621 35235608 
379018791 314696404 621668936 374590991 45959414 214522276 647530741 514402423 677401457 928330063 
955090555 459000036 286473659 409571897 750104419 282937643 49277794 83237706 684956379 464061161 
818762709 219273329 950326580 813993467 941506280 272648477 37722724 79679235 187647825 967702210 
615915652 510924266 56978734 611359578 45623378 214256729 461420670 667539426 450550194 136328254 
299625379 191101657 164452902 981284430 850052583 596825796 480459610 798834813 171693556 362129580 
219128730 759968903 60527193 64294558 188727897 866117227 350010892 572755498 874154667 624339691 
357205731 838707941 797015500 393999885 599227418 650710247 915277207 182585756 917618385 840447822 
30924559 187085736 979664522 937676473 531338458 932289794 450050991 718401485 844335553 859088833 
907811338 275715508 374510386 26219455 917979979 762712217 816161726 819588893 364337541 436767789 
621020571 775012540 84375985 39312420 874423587 703269570 28200490 887854266 31517523 634029850 
235614512 450092328 61777997 282931188 337207141 73060398 380112342 263851584 799783507 88461973 
38531032 751015991 548477668 547544994 146559202 811933651 628175848 152363938 553003172 559141202 
20134546 185552999 18612851 751813047 277109500 78511556 313447883 920784201 124380831 167235603 
879307463 312378898 68358362 824012464 679511211 576909921 823828853 112790140 719576155 538336073 
928324883 705672283 796666593 225110816 68877250 290407350 141296618 203119616 964925809 902909178 
877772874 506328649 742552180 676800535 344143988 238133021 232924674 223250177 189894403 65416418 
57589430 17636403 38308660 645793733 163071763 605311271 409797481 685245490 59316217 256773343 
947771303 633705820 401571632 810486367 389315609 642300347 981016549 227917617 428020619 896316296 
17768231 852185567 584522224 545687363 640849514 83959933 190324445 527895085 859870725 56233244 
42747402 619086031 313407412 357340760 67357144 378129777 172769559 47786444 462713799 761081508 
495179312 20579479 999724796 38683576 395951081 254020066 623807681 679402824 38887563 546672465 
538978052 830048170 707997769 522368916 78095574 25161086 213918644 338462425 834432237 230716456 
381658692 549503830 726620195 674538573 209172181 567614404 546016245 937482328 65899046 15766494 
437675270 420641529 824913757 309116135 273543577 631264673 477458046 497985570 697072666 623701767 
680787703 896512344 543434133 627243430 51345431 972522326 300060733 976769596 571051410 687466604 
869210599 640486988 780079615 433217774 854206092 713693853 377850202 566741430 959380171 67706809 
126667651 541790880 470951524 890647152 278869693 859211021 851705534 973782610 748778032 319756897 
342632803 225560632 881868903 390259334 47443069 373779132 969204178 577403494 581487460 600874684 
137365317 914887284 498097416 366823899 278877303 826869028 353860229 755457280 989360772 809794927 
34463127 49382101 544879212 490253648 162088739 713711177 771768210 575804489 58575787 944298254 
775807549 107304415 904868828 846103068 6719513 825204761 46495487 692550700 477239481 396009989 
790136203 929594430 22217740 267948595 461385106 703682580 859842795 239486265 838275918 281781429 
602895762 141153325 35199390 921429227 678450209 41177902 721098371 42878916 460184859 48175067 
829148578 31468820 661297639 785420250 43626692 88307186 956749650 240527187 72903770 595758903 
423135244 950583154 257142258 236966915 798144295 678081769 962511556 260614712 746687131 938014315 
162132008 385379068 462116292 89729842 983570460 816910651 495893474 58859385 673653698 641824802 
185066136 402554116 635305440 113256869 44952172 594656660 29447006 386874618 96514895 433485171 
343318476 706364700 43847946 78927854 997815258 555142986 353309654 318638036 594252766 331641221 
847492295 357608956 11830864 548170005 199988826 573710269 996026962 627198213 502674671 575870325 
156122658 516176034 250504009 80670978 411942310 825836032 955714832 459838540 596048616 418590837 
474941775 516966329 316375702 36536092 965704950 450736311 195675778 158160723 333991257 47405110 
633853984 599990077 459711152 765346091 168243979 789026881 60174484 974425871 947033985 706678153 
667306633 456604765 915404002 355897988 423703151 208724247 631071797 973459813 33256718 768936258 
13873826 470706594 382909588 140745574 61307897 282844789 425662734 977555215 939808042 4429150 
775804657 185217870 747767499 212198559 491360149 670156089 317806486 590000575 528090548 136353382 
100525799 872882184 421447663 954794868 940283714 314101513 8821064 302283395 153782475 44785427 
306554282 299323831 90416077 293683649 795537501 565226936 184136500 457589865 197663378 34142261 
413765394 515502764 103801821 516089437 65754910 999011051 239990454 191500132 388939056 43705550 
921238263 662082308 404709318 406520257 807385185 713576441 904049795 6977391 699255063 413772420 
525796010 991582797 489053217 512713449 22441383 174871058 3639274 366443505 754093959 109826615 
518630594 827011433 632923003 502208635 501147486 287112865 401784921 33190241 613585747 59632365 
920527643 558385329 798743966 322314792 49776990 198931444 183101215 60456236 942906339 661378296 
872871705 58728028 608332050 228701777 609697204 186413594 617312114 938374101 56141436 804766545 
229783602 399337759 14924511 657113068 928285092 386166798 392828082 356010332 885586364 71836994 
909631661 172821270 840992918 226654374 330526954 645865747 984001261 604403681 664526698 638570062 
656399524 819785955 223101072 363381578 873173825 855428703 234415524 782201993 71827052 724058187 
317632337 456229142 827888758 875178594 71018023 583543037 93968589 51978914 888299291 43715020 
109968008 261357518 962435586 334931740 689286369 604239853 223295514 477244675 323767221 366825161 
609709185 775391902 180798982 635245681 127842491 843269774 181639289 139195319 539668272 3645303 
45963225 356094131 689522091 581268098 6979985 549680959 165787613 54735324 682203190 994908536 
412547544 60432691 425818620 432561731 69483156 591814209 467472188 636305350 647001710 271459130 
17314549 914356715 60805027 114155868 189261639 797821153 354267866 477009256 79351801 179189658 
17675672 386295843 31388403 121830989 536366281 829560020 836289734 45576438 757447998 129753033 
413429536 952237521 74995753 726998226 425979736 731954147 212565411 526075332 714567400 878578033 
160804646 20535030 402352109 990755463 375829011 56012232 818122665 386750322 132727341 927751449 
501240065 390359879 918639644 707363789 540661504 845406810 833382380 314123596 921872210 522680519 
398617483 257062916 766102730 345323756 448113999 901199334 313790941 842795501 689135213 257274597 
358894372 276221487 8365443 32061818 205828574 950505949 670810383 96613156 593120875 92064103 
304200181 100338400 845443794 724410365 660940285 281241525 991675708 666621465 945060435 832119083 
259250807 456306674 400027141 421920718 534339700 132674570 493907081 830161840 829675721 985397665 
259725364 441858788 13179183 458671935 896425156 224225284 839161862 611139886 303632855 710981804 
724267725 66840573 98970993 731630589 46924458 596322047 421103226 32688411 44408039 409711306 
772876094 422823344 528156020 6270391 461713387 72825958 122919263 735778921 784845079 297833328 
29490014 843021375 369370679 125580034 532002381 371125729 847353897 125840340 29398950 327043513 
316616619 468544932 810978320 1045109 358084577 726535601 503854540 31508361 838799571 349642048 
969399109 361992621 755192301 883363867 724111241 647819608 820763774 268874509 473474761 965594955 
282801721 698856039 801009883 635814664 852378550 38594173 528122809 569277269 567925490 655158314 
40408577 989523134 141452747 696743753 989686131 900272145 311825542 674364730 224937333 371208416 
943005769 9541987 500269458 273861634 793320864 252984748 379428854 540769810 103472892 458434817 
917043188 169869807 634119983 743501268 126480513 47202107 6136305 79202456 3604661 71999195 
227960928 119703111 894205010 805514109 820363128 38714077 859707958 454487054 801173150 627509210 
682021607 714643008 299618330 474067652 981399823 432667402 251948440 328944547 637050364 234209063 
694346407 626893700 247643167 380754325 800640826 752538359 893612431 371073560 665016874 51368080 
349948548 287567797 534201266 585242473 707173340 666289975 711297009 895737247 557444505 890542509 
56444778 101636817 736359777 402920170 85130120 520560292 72537851 588806148 106161428 224130881 
29353689 887821782 145937086 222685141 17635466 946028414 281190809 510045968 84650821 217046239 
200182174 777639 716702305 382339360 582823976 359398610 353909726 926302507 856574582 837207247 
756052700 750887471 844910636 222782301 859800611 461617183 939179475 537023042 44355225 29594159 
794290004 662060485 551763920 977052511 842783361 304839476 947329654 676617449 185127308 336858976 
587404515 879010001 519746958 583943452 495432079 838364765 6795522 434033601 171959192 329374361 
687854151 116856237 518093120 188665555 470597154 506580672 987371117 305583901 817033785 374538974 
630472488 431751375 70293401 755620975 884109854 587843842 337470769 321790690 441570082 67752213 
11244116 17023269 457762217 966647596 921131323 846584879 761878349 600676525 49711489 190544247 
35885130 303568066 173615781 599078266 516722692 967518425 774483595 5423160 517145471 960332070 
358364156 421111224 101397478 156335903 519952673 154620032 21849348 343025664 14472203 258958366 
441859022 930423621 868964144 945050017 436016344 700074291 164933604 371374112 981316315 225100111 
344603875 620858162 62072629 666546404 893099727 390121845 888309352 19364226 986952873 161170184 
457892506 767002489 739630683 527822864 264590868 27485793 970968878 119428919 497294788 328606103 
426405972 638420008 279299003 686120631 109532000 757501460 725637551 836390947 769832137 351645232 
82133881 804249987 61326442 32597556 272568728 698921025 667367941 280639198 158559149 181586444 
875176891 173729389 207686397 751172439 452988054 8869671 316785907 111357400 787930368 299822548 
453453211 93738761 957712201 371820608 895457831 219477674 989887012 848987068 993110894 522069309 
422650666 370037662 750700648 746336905 759136598 491431868 931209395 218256408 1755015 524362485 
611225362 533619641 743247618 558604713 775295977 327626239 674929133 862883900 65410497 379539647 
945923541 882463127 422637002 798075286 161107497 55110565 547663444 25758303 861273789 3552730 
368197973 514177474 568391240 546110890 841695463 70266274 681662693 305016075 765074375 652713386 
12355733 838202107 772079575 691621832 358435261 294543867 485086364 521973937 971415969 256610447 
633488833 45639768 809602287 443383744 474045842 917027452 420933686 526061979 177450881 842178841 
833082473 468160432 664867493 32863472 41295712 462438804 894069814 405507085 461838425 465212256 
111774227 746114613 983311985 402115631 777325884 808703866 24733483 44534434 345760856 749032621 
371392241 188616033 902223408 786344933 280376717 242922896 139992114 536570621 363616431 380658014 
189631727 90228243 404106858 100696188 12848284 687810059 65107895 238679197 909887894 697255690 
269615857 353449978 919581399 852846331 956943960 6788049 226543234 501089293 583154319 713549538 
829200988 960604979 588205341 46903791 68314703 962713251 870253295 4662853 563450090 279567448 
226112212 604154416 452097500 802122896 683802624 221994877 4883581 772874318 695360650 531147780 
354392133 427431897 811703278 961624092 304913747 790440251 364909963 979726114 329710311 995598019 
190306086 964642294 796659176 571573636 650962790 535040382 865514335 251431892 333256790 767749410 
203023098 231993293 782297574 645050703 295786890 178060751 97123433 616036853 65702277 971448060 
82023192 385694985 303486853 688715707 110470798 597356803 216010951 913348150 249497419 890258272 
686242221 834744540 760877106 776494881 719984189 607483103 125495562 114803531 564362911 13558966 
181360896 255666533 201619875 16678044 121612579 488700925 662398776 250192657 827201255 529882403 
640596726 429970260 206984867 458734828 222316182 963026927 20143122 252575729 990516340 39167273 
42397399 65924044 358765076 171574166 451508466 738385826 534203034 483183236 188329291 710985365 
972157264 73265290 316041263 728851022 91618340 572146183 91741133 657215353 882871847 366396820 
225379001 821352007 6746639 979218071 367600234 869761262 113009846 195594677 489414076 382386724 
281735065 448476505 785831791 149892008 20435802 769859635 103081126 902771898 711066175 150443956 
405327720 564105374 212019888 496674451 101853474 763270429 15927228 595002187 929574180 62206211 
825163158 411242138 474788639 737538722 978186256 691986947 398242222 127737422 514519335 15887949 
298701002 905008351 574761334 32647682 837782611 543377970 881331393 635162610 19719822 785189800 
111957100 97922477 879274658 598988453 165087745 181633548 513949466 545685266 359408046 97512361 
187762790 299656668 893920452 806348642 482138 62455667 537062458 325246682 670138285 499673676 
355232552 442713848 617890427 127997279 596642124 146034278 166762692 889517737 393416072 457382931 
42371050 438096300 282368098 277355953 102324792 129863146 28159618 415557176 916917590 799481198 
338809656 776182881 250779861 281080643 957133556 362510636 985558697 190614010 497475019 99276379 
17497512 494467624 174068217 958123253 6239761 117121254 685020762 606233540 351979521 368301647 
840475887 389762518 253934076 450737158 83649887 103692544 324712809 81619886 608663412 948776022 
138458902 637644143 486346138 569603764 818760112 528653944 345741155 575057209 781328460 906157943 
62829060 771111366 737871073 231678755 46930649 507279748 781151947 253646003 640653280 693889883 
288204106 844156515 748249655 48393852 642839041 875601910 61261988 602378456 38560632 842196271 
29557781 994930086 764321690 783658071 871348244 100572129 54885430 27763386 1376595 254913736 
497181571 382373163 825900584 413514332 739373717 367753851 291513100 719586789 428077034 455822854 
801215774 226535022 480836575 423298086 252974239 660162372 365628730 154452669 2846067 114620027 
420393890 115191727 172077991 304415593 548530722 350443366 26128357 528870696 659290539 153035596 
328818691 897343769 705653647 550756437 63934833 857262428 319294470 22186866 57396174 540273497 
190643372 104983071 967464276 632395322 898422529 970153175 27904871 767549806 263347944 487229850 
380185354 739605288 36109096 436060269 232957289 238290653 3059694 61516762 19787856 329780170 
942640970 37373804 122184371 239530860 368618414 658433589 369642277 175052806 385846387 703875400 
883564128 525001503 775559251 193087039 403267523 655227905 972620271 590937525 209311183 523601466 
640055882 315793869 202048681 818540575 914748236 582241450 19656346 547049796 955609664 103540469 
384770196 663148806 531427926 129146458 859961507 850447618 58644258 489352203 20268160 197728154 
236449564 606153532 624630275 692708983 205293086 101466021 56897961 649484546 672008169 76303363 
396641047 618348265 189182624 766245015 940252048 303163040 695851339 941607333 655166590 444234718 
844478037 126256630 263984111 4224540 736251407 413707607 262525204 467277593 885121323 364478232 
756104899 71760217 779120449 311660685 893353461 525348513 260294989 822080401 44773449 432664189 
502019119 753757438 726262400 131126458 288594730 280410934 382338815 755838956 482267750 291597470 
20657744 753950697 571140463 316327453 189774754 586531916 183504307 339524001 882137925 585317107 
199326983 67693722 633041198 554184322 237570083 13698173 617990520 41825502 36644129 662486851 
388875489 359185842 431133186 192660968 797557577 825610477 705529641 58232043 73899575 54629185 
913603038 93858517 239186772 689837735 573894348 323527851 231341806 885449943 183983236 965593210 
439207542 15491536 184360440 993673683 391402242 791504981 593720576 147454540 337558476 871608941 
241114329 614678524 279429297 246646754 964816033 794295296 746861746 707427523 670271964 467761400 
23703158 614416354 18866417 199539082 191857863 2357591 754149806 334520030 994739474 986953979 
437659073 666672929 412189159 252998894 339081021 778882051 234593150 466982930 71151899 53649207 
54154287 886120590 43624884 60019451 590867193 449465932 997805900 128054406 173655548 466542970 
23866498 708906651 482307327 460712205 363921634 996576766 75535339 52470073 476462421 72820727 
401749326 440132090 107877546 501859030 669007065 108830095 699104278 817993832 902939106 874671866 
651753393 93728899 306729443 641087617 3334900 64146303 587090681 785142320 35568450 595121338 
287950438 256002132 996597855 223495444 532157199 8366593 125359855 188669296 697581567 590735246 
716049663 577510201 132134626 404734228 42191487 993261786 540632715 4474098 763191236 894956612 
452394350 624025164 559203331 608478572 23671847 155382663 290163674 860972235 68921329 534385870 
46616518 838730205 689194288 765835921 355637934 137693602 571523560 282924032 942721111 311172384 
181053507 830596500 837467118 645978079 255160591 429881223 256397441 52493419 968699453 898307159 
566990214 256896214 696927587 9063751 701583698 33119540 817674811 58441950 684594083 442424861 
447711522 588502887 462673943 38838574 439947674 1605999 478918834 40845191 535236808 699332682 
771305564 141492815 407055351 522581133 742124897 391046444 303041299 601548437 671724527 128020684 
210469679 64465662 683069596 835276639 766267648 639404846 376314589 634563865 543351647 148043721 
209029008 263544501 450541003 228105018 325995379 59840493 213433060 800826928 59837866 837825027 
895276786 135489565 250784317 67600956 572451420 27714488 868287640 536232031 345140273 468823933 
377776650 352615738 281318562 387485737 73303110 803481885 326932357 808938303 491510757 921840221 
813395668 127300485 643951329 242582483 414954796 344531335 68206363 81693530 145952847 95318547 
476261591 117977173 512797603 153892027 557617467 14387238 410829489 22683733 43721939 194487992 
987446182 117683071 148364816 101003510 512250325 362762005 383968197 19266897 656134195 127248569 
344559528 14475326 556194777 15117651 11665623 834644663 141807238 218491790 731659856 895148214 
910696730 722464344 421652855 7467453 933455388 706244451 183959701 148531024 192762934 794805158 
854208851 89298296 151675060 171054044 220412739 432214337 771156488 874830595 577004119 729757501 
346681928 962065631 843641192 495075840 310700462 145996917 92753073 884207778 42417942 741161616 
674239569 606321984 496483462 687989823 200103628 21799803 18437021 133687637 306336651 542373623 
725679659 94507752 53674838 407325149 591397529 714846675 294120674 794780506 389008507 197795124 
151106366 792675870 675689734 849166574 212368484 556975838 78976916 760101928 57034670 846279379 
770157601 119574476 938265694 5899832 650277329 681762057 652560405 213496527 165947752 535507921 
490612061 436434525 132571089 282882396 6675487 798310697 228362392 224472740 606379565 100215938 
307439727 363806439 215730618 455115062 236031916 8797736 432565212 782814747 400073929 191901613 
390058769 639110794 736313060 318778498 955396535 421454047 434540605 856924661 9373330 98061562 
458399931 252846104 839569739 755473089 294606950 36583491 835879148 375208092 742365678 933391247 
857356901 18180086 931228963 720611676 269670665 574862788 304822651 271801803 801717009 218377462 
202248335 607752261 409130008 717807879 741705886 619352562 694177693 496022131 522594057 829701187 
37779844 801660731 220191445 311246697 919073430 813848931 408553260 716636379 758390525 935243124 
55123421 243173844 210267336 312834299 54493142 79168979 348542061 399044872 548645297 784584985 
80356674 593885360 24549926 415930159 747280387 523658 50237585 838926685 660009295 483434550 
50707316 753169715 41806377 766088914 460025592 125526788 831874173 462579588 208161635 999826534 
749361554 517594355 920239011 387377844 512696472 653772493 8236491 8483724 24913188 785317954 
97163152 156731730 787228079 955025031 942784716 709082539 500621842 868654933 610147836 258178050 
821404173 100503399 544553666 243521030 788755909 43835648 576042083 721230890 143901248 89668194 
37583432 99695652 173315051 919487576 185653890 915058542 927891733 952606893 881576000 171964872 
186850417 980906163 764443224 756004788 609187736 884566973 274711491 969161977 375895429 240387493 
611629087 842056481 610118935 674800967 214210094 527640571 582622099 297921283 503235158 439532570 
31647519 619939647 483086624 987832659 5501256 180134115 604905914 838482243 82246013 657804252 
857999477 138585030 554471314 769691546 606374215 118181249 991041086 501972369 169845322 141299290 
542987677 644569019 929146427 797595643 68342701 849430292 732866299 148010066 190740694 506995229 
713453586 305943571 60976731 293880667 962662695 730426677 684184810 96759765 99809417 780478833 
360133906 828427673 879205802 793109703 15907783 472672823 363281311 610958328 693517536 463688004 
93494177 928770829 634897816 925643480 826634126 16036301 554090257 878156304 89341033 331383884 
990814413 186659726 67917014 809022808 334639923 36381684 62481311 151582985 37066767 856026733 
350029361 827056442 388013843 912911140 276166431 409445897 217404496 947473866 238602399 843887706 
87746238 889207828 47755016 129190994 821446841 464942139 104815450 778022876 109616256 477823867 
30598582 694116647 602662584 463080596 112281570 826896678 418599143 235347532 200566726 612359695 
428702714 33968106 351187441 527303133 402842304 896543165 64190996 19875533 120900717 367511444 
972629895 37215716 81776408 287527747 571513792 445803369 735699517 254425380 175141087 974894436 
240288059 976005267 692875812 315413541 404053463 851827313 781508726 848124095 415539896 741959586 
36830430 789509512 908019177 817213327 709305098 41001625 104688474 227856037 426865611 898338389 
298899294 664249555 621252503 874301403 46835502 925658128 593223944 823706003 547476838 749199059 
838334299 887295399 914749571 15803545 601944306 959080069 162224491 331516516 399963602 824507746 
965133284 870380854 915522086 970250418 765829915 929311897 419807418 843432626 804283423 39589145 
379532673 3276253 787048548 11137737 998602768 575292795 669747265 238689211 651771424 744917007 
963552626 793707145 284554768 332855779 490818967 850983631 967848288 630677896 181300403 565266861 
50091318 170930255 22613933 471727177 422876894 905109711 977319634 483151434 88814147 20637027 
54278225 632692830 253229176 682469034 10367678 339574454 160503857 897257990 395480976 493762437 
749285961 228374557 6264227 843055493 462042173 739638106 10816439 198357618 316261039 20205165 
228453103 531694988 56355299 986645191 375169363 7710744 976886343 881370911 907043918 202248673 
859266788 269219312 239113008 66262961 989522926 894325752 152054189 896685528 994830138 986734266 
58344028 199742637 351009985 903482109 529901881 815462663 634763554 851497803 53982242 385530563 
931034142 354481780 607774559 820210498 353684250 539084296 51776019 181963752 163720096 649430240 
456445645 273233054 115994078 601380246 58922489 936217169 845709093 986626312 710836335 392742257 
483728491 526916825 29531107 549898355 532749514 641694192 556802930 92194383 603442176 22788342 
367505436 55605507 264066285 175923933 12727620 409397262 487668759 927435604 544555826 529972981 
401402409 496669524 63789457 345912258 75679343 566240662 603179505 6716800 763421020 844005146 
648653382 222386880 441265925 811892130 143382375 53192727 759779748 72414260 793741200 738985630 
705721365 71172507 604368097 536056433 599176284 711482600 894953437 962341168 319561245 492938218 
30034412 829046913 349844770 173484986 704292825 606915724 270700505 249841457 719436884 21064828 
73630164 887983983 538008177 169566982 70847558 451146325 771059751 976636122 34132108 67129612 
336795858 63491378 742357155 277229180 659308466 470051917 462102955 503541206 874107498 383949801 
321276011 261038347 147850114 393414091 279587788 40934737 668802277 706018364 770257243 274946982 
571007587 743422600 791744459 3262789 414549040 555150209 965249393 738667571 673128803 755384315 
821081799 329018293 966515321 983864654 51025641 606039254 37824974 111324119 62857754 778985190 
254281771 337341815 427741761 720393206 753971 147997715 998026598 701964125 932436981 829849618 
32920118 727598133 931669855 769740514 101284483 537621471 850811588 89375091 327974852 284040315 
220849756 582738618 122725777 803178353 705204163 955211311 358708264 264505323 634590329 250525264 
927146731 80263512 950262881 874842908 37065440 748998123 7191619 480702617 628218160 517631257 
859785290 628249934 275405224 83141151 964736647 11532490 17592635 449436282 808702316 166916635 
972992638 381219949 322271825 41371223 551757355 971693439 259701746 895684375 76822943 143966458 
28910318 67678455 191337819 707970668 44786251 438346263 158048647 835543082 491074030 168870045 
51266665 238365128 352257315 287783217 29992178 575100579 370244379 64781696 945414964 86487127 
860756840 571689657 956289761 713467209 274815106 324517907 36531668 853403423 873505349 186713413 
6191246 598776130 41748593 353337612 602297004 130813795 526380329 154017705 188732790 931732467 
944588661 674277728 390327381 151547562 921957824 531998970 218462550 678724353 458924123 914809412 
605159340 407183031 42590711 550852750 18158635 427319376 986561583 14949164 42291151 4035472 
32228861 893967865 484325429 372789766 326021695 287624143 148875805 649452924 551620668 611102993 
64144877 452514439 396777497 774234145 526438959 7476477 322780514 473850346 594354194 480118905 
930910599 936275031 475280869 759303897 853030492 962128089 288197024 279811777 681255065 84576997 
571099995 368720406 53176920 251262579 238370772 894135427 776566170 661091969 578005742 806271479 
961453762 788349839 256133677 423335205 560987928 856742432 656465723 93599235 66764616 836788543 
79383141 602081356 949484000 114532599 423736606 27549693 327691733 52641497 580570235 491190748 
266911999 337397371 161942454 576959981 569348760 324332532 679646892 906635771 824974785 653764193 
952247391 754413077 986262525 201294947 699726196 259175693 466229172 772885662 513995446 160279291 
55385778 733733947 353378193 56910776 214647973 45532518 855239832 559667556 39142818 606406097 
24876030 744717025 114759841 819195184 890690082 573917782 676856316 494476219 535233532 764709805 
439858676 56260270 871081393 110068500 393218860 49845964 792931076 985482112 752139564 910666970 
369601505 494832933 726974176 888203293 411797205 541080575 37133590 714563300 563874705 314033741 
22966532 18031358 213923180 186895121 59171519 38835267 75068893 915288209 8764356 679912200 
142708484 285922009 126617972 48636075 470777378 100090422 560189328 702055950 470873629 943395260 
447761089 47394835 30711804 847754690 909132562 413116965 860727154 66955360 117173876 496349871 
28194634 712202744 851731257 997723043 498665984 648502187 471210650 263426292 938368553 546234847 
882344753 262070044 376667909 898400447 927540095 347703702 424525044 340702394 180604007 284156261 
205304317 84717827 192699313 718588812 620317769 432520720 40223880 31958932 695625894 109815836 
691594238 449922569 42382084 565067173 413568899 866381565 471880445 202300911 111606640 1833091 
798347846 22452095 783211394 232779061 500915006 272258720 126799703 281035439 868692327 984982497 
632329459 385359890 5057509 45590676 89738046 627848322 19621893 73400145 21691011 5198759 
522580403 976961138 386853108 23780913 11084799 294214293 354789665 407987277 337004450 679101213 
425164931 447324209 730845554 436652721 954828791 47177876 316304111 909333947 914135099 565508918 
328919737 575445226 608861299 58189141 120625431 556459952 778450088 163110967 351648370 57643717 
218056771 835029411 410757592 69962913 513616022 276955239 802194299 857987591 711041875 17149651 
834363183 151567478 172582163 108862781 201071343 197014709 30327247 476001403 160380248 479706960 
573819244 381081708 15284268 338910484 414193192 744406127 708358864 179822998 214201133 249234410 
497534159 135713194 678280455 781887685 966277206 474763756 772017700 657912300 820522165 530457915 
981086554 330398160 19812580 450575160 798729310 179717351 284929532 396185292 105785934 48064552 
907739577 411571359 148041256 518406032 600975615 965310882 889402705 570176671 18815570 941093254 
110273039 200479963 654078044 594924866 693110286 495581260 110855275 888066449 325305567 78198783 
933927153 270001521 126830196 816018563 781194242 722563237 64204709 242560111 447597017 516149813 
35462319 755294938 748541779 522426089 142266801 157504993 74812530 460240849 190999853 51070245 
134538972 107702464 569515149 941672523 554933338 111965900 164087450 162674042 598062425 248264400 
21065221 133765088 473413484 498140138 868259300 110573101 100720584 650825213 266461226 416917782 
691170758 575813680 767886390 905314771 557251941 93013869 525074246 88998050 183792070 587440355 
233705727 313252674 453570478 852678788 84016615 713266040 470640647 47861640 603218411 506781070 
349549151 252027625 948769497 809932495 380581736 25831908 19862247 682413068 866102134 455574654 
387289899 285462555 480860420 57162237 9930272 416375378 671546159 14608235 728023592 566682896 
64085561 426311191 247903236 872293429 910871560 443388435 904012125 440183716 134886053 153106615 
838138687 640691656 45242557 985331484 882294937 481458701 60177954 348307618 301625534 168035170 
59616844 893945194 724209127 41462973 892537554 52809949 5156783 817226136 892147698 641562659 
719758741 233629805 167788302 666720429 797054 706874685 904680235 979150508 447947312 510330383 
891886451 714951575 233469400 214279017 606793140 923489449 58598020 207275736 232675552 276525409 
675390122 35790701 569008011 38601216 37751712 120074815 317702768 44742159 386565154 952376547 
483023597 717732566 5679822 417345528 852395394 388069861 870188204 406307741 369859670 801040271 
966089631 774854647 327844273 410149226 838104309 487914415 714029699 152509649 104038877 509690482 
450205916 231941474 640015338 922176369 450197106 794127233 846595989 862148575 905903903 51897043 
250267321 203157877 318606176 597536963 480525077 834773233 569838294 280292096 475830478 23016594 
852131529 934602237 950495466 547919518 860816544 599724912 942857174 37598172 362442858 369062099 
403123169 300249627 506984281 99255782 231083966 148059817 443476545 159478571 837598470 702807261 
48608796 629936233 303037108 635272333 736637067 98507562 723534760 665903256 530226763 496530749 
195557668 146279774 138875332 794719028 503981394 754480963 76940159 34107622 449203643 123701552 
158054058 585282031 582178257 101128977 807691158 300022828 21229927 644970584 752284217 39174207 
381921076 835352185 747947180 724056082 714695508 556309356 464064942 648870731 629447110 701322286 
332975904 652943836 870283503 828554048 849521799 333160566 266185749 708669222 394272142 926904593 
869117413 396097769 170161281 350323046 878193390 971424406 146509011 718844277 46003236 586161597 
43170711 432267775 387678558 842390003 542870540 889950989 44532696 958229328 912307722 992318055 
703695025 121053426 114388117 902674974 656649070 511634296 771548755 38551299 339859573 261600135 
472658445 28479277 30365074 41317960 4720432 823935095 991237751 212053481 1958480 703532799 
877972277 829518872 445864864 169503657 152323780 843545740 435508603 72817306 609886080 148621691 
808379614 409625021 914824104 789523492 547620331 861947713 395633633 321653574 376804967 936435737 
290899377 875051431 582705213 773697147 297502213 635460751 583545849 481464418 84624300 29595721 
241832782 138755596 405268954 622037162 774368144 471095420 583873190 421426050 964812859 975833081 
970045836 193188652 489923946 865741453 694525420 812948228 695364193 683774599 391263624 848021483 
674059268 294180090 222056202 252556997 458000221 765503548 719389820 438897403 586433561 482660967 
5873102 724968698 197201676 519743451 274170708 821569714 84569257 20402105 979845189 769299480 
59072906 396678251 221091133 473261476 831438575 567701016 11279035 981979859 156936503 58219310 
410809252 69321893 61385831 211070693 772935615 929636385 369149613 291149230 586939959 101435598 
8874194 376580039 992038940 357333816 809698506 657454508 520358625 675144048 190567978 963895458 
100772575 396194699 183629483 38530862 143570386 907025953 23148715 406678940 444325207 476608720 
142447021 64585337 758329716 501189815 400004309 101957402 972612367 609889020 49806701 174903315 
875206262 883413831 530631011 249262528 595641814 448768580 336585672 973377728 642593731 40515107 
222027602 58578035 465333687 495281948 487997659 772845445 907304587 875911653 13228512 737159771 
888434943 87487035 251376387 319096231 127320632 269725535 235603594 992384729 386950205 755059861 
844188382 704049323 948842617 287123366 73452812 723538324 127478332 984659806 793172807 278471254 
676557114 91099663 919240548 450987121 834159626 649233420 363645276 155349165 71485607 298038831 
65579470 302998932 775201012 68346965 619994234 48604661 969324848 964273116 503145159 149751651 
192441990 142424620 338497086 555208884 709291904 646742827 317135629 811640963 361392270 339732423 
436755078 67998638 120977028 832136304 338161053 971867096 504637721 977641370 886443885 278623720 
806131050 702255168 54797746 532226184 73300084 136066140 847715665 943043239 904128925 489772912 
600670413 747053559 28693291 233793793 950789840 15763824 594785996 538305302 257170087 62691275 
460598285 646725821 208965829 226561544 85243619 363168903 292757823 694013417 384915493 63177990 
447894094 624687220 817883663 933070166 97202897 168762485 361775809 544409490 70908616 8039161 
235726526 509245275 463271899 51722197 851037038 880217684 267203537 983659550 506800540 148374696 
499675929 710181038 125231096 280364930 514583876 102038181 68183446 615726996 986567049 374461412 
846122093 25304464 123769152 138703252 202888154 371782323 214874727 640735901 535464730 10320181 
888988192 933525040 878871507 1405147 562732849 162978366 299078796 322183014 705729666 524888574 
883632944 200566048 40012707 155681899 665923471 299745622 147660612 652706499 105444829 836969176 
12364730 233359114 648855858 446758522 453086081 450108037 741594632 10352022 671616437 691903551 
26090688 713723017 438289560 872644488 990237725 629240114 834080271 495704689 549344198 558322038 
926378020 537461841 552984265 881476030 558074757 632718402 709166611 153269111 586749444 152702884 
769497849 810843025 573490453 27840153 164344242 520808705 364232787 504097929 456471514 303885120 
194573308 676782748 949617393 445302985 392002416 441555522 336898778 297756063 675421110 1671084 
93922397 902797764 125881846 234888277 26893732 767104963 49352703 616636788 491851459 900064039 
626000068 634178184 22314536 858216193 410334936 830634452 300603695 830061671 396127990 856334558 
54194321 96792815 195032186 412839666 590252271 458759480 886396392 867143582 296786764 670006114 
21749604 22083893 109371792 133016977 185345337 441404236 59320582 44180590 46060626 193445184 
787887327 914757029 670125764 371104941 362623149 763036264 726270531 398744568 355119848 420400618 
550835880 452047047 778391404 917955557 473814641 254493315 64024568 471068437 447243073 691890397 
637106354 724574139 418656347 729872966 161556127 784400923 301632811 370551414 236045868 509961471 
617529278 59682533 760456103 182734897 587050821 321924949 973621189 846301956 114138774 26158662 
162265629 21915851 293664427 920671617 114545580 538075490 294756641 19308174 728883536 735896481 
284553913 68874046 588142157 50902506 727393755 392437282 353259211 560647332 208397582 846467857 
384770645 203495094 369780097 80131494 109692507 299915276 781455750 908159935 206520498 891895319 
924861201 248719360 93104655 606683212 700386878 133564494 380092559 485967524 532454344 61703252 
627018290 970154011 71485841 761768961 990873435 627542321 346068770 35354120 250344786 923370092 
176114721 9051743 943792323 922171091 372045533 25138368 146294844 177812085 47555783 940735276 
244551346 146974944 677471989 434123875 55849980 904858539 162536609 794002028 134191447 679850221 
450776488 199275796 190250977 353831362 796923148 776235111 1974046 43903181 283417458 147215160 
29305717 650008753 12244900 829924767 740811957 705069719 156605201 980744053 570397833 338699436 
937515080 841139930 586441991 543004832 649118081 191923888 200372519 962259495 829661460 773405982 
620536131 501120379 924220928 786379277 460770716 751388121 134022757 802205102 609841365 426085376 
11321353 679790323 108587638 128468149 839812312 375177745 214094187 275806017 866466141 348454660 
545248898 767898609 98065226 494073867 194066161 253368981 506382837 816140328 582237901 361492738 
19552984 627470753 398318484 941640081 142947344 566836354 870235812 269007261 292894431 992757016 
971018177 215916552 317291050 47962230 812134291 283671479 466244860 542756085 338823717 894620177 
960198913 361794734 844659048 913778053 81337612 321026046 713766830 135822337 452671378 916226569 
425189936 295859579 955435308 375036215 711199624 309064300 55228185 968840624 313515575 771082832 
872920505 964147172 852840225 539628071 820593427 129791750 558391308 429781751 162017616 546168716 
479654436 63901768 506970430 569950641 631842938 761757350 755322062 206663667 33675904 511199779 
154567062 712527254 637277839 348032211 955132752 571960606 118404193 669062478 998674009 736149209 
369719191 363863345 936694323 869453651 559268404 912691100 308837380 561354207 523818785 417914806 
734624020 135910165 537898151 117796645 112933203 58799438 680742648 833914006 377182673 572541227 
873812646 89772603 889249603 962044940 515987242 637537352 20709509 163243673 937302366 329224053 
626589970 223213884 7359490 911775616 83663758 324900003 931347517 313820584 327515197 146935875 
274346002 636073778 307022729 673038544 951917806 706014184 920995968 303752903 154507298 41925781 
962392915 229551333 48534368 266117514 175720408 811218604 969334593 747079964 838666249 778452709 
653409728 281574948 350393988 321275417 584451260 521035389 597647625 557338902 125653113 406102410 
811686654 449001329 986433055 935308973 760383470 834175486 549447226 941507537 315987461 538237273 
900788024 55452128 768084118 672990305 277958639 824247631 364966550 17181878 221063701 796219534 
189841694 288976708 510321861 981122712 44551148 311076528 143249152 56069480 4286435 109186540 
56906282 168185986 85716872 345447593 78558345 629914471 217795971 906735582 842460106 474051617 
514656547 237729862 9057658 638490556 736020697 713750751 523926418 11321545 49731260 726308204 
252998372 367497183 760670980 324284660 141005231 198602259 899221135 10116162 189120529 623060867 
366206303 207328355 29166222 189349840 232083737 324997419 874632847 644682398 560364424 641082288 
658657502 563984918 49282840 561816780 179352618 387089765 197075805 773354400 285198729 611319611 
507194249 695731212 362525936 654312525 405734649 903249208 789153725 536603092 788934569 846587918 
690643758 12727307 430305978 467987901 662153960 522083508 648861428 339355191 793069425 293906836 
984887614 324564660 436369590 861115122 915356967 59717164 796244101 286571036 93013856 736435682 
671231252 18785762 330197056 71955413 384019321 165563162 737824319 434113869 13991982 839569179 
51334778 490539860 5735320 552477249 259178806 44243256 333736053 681890927 197335126 877210894 
10426478 502347144 151309796 781320746 76973714 478395381 718933133 743664553 412317645 859044642 
828449828 24581862 107043187 943991297 795886622 685659657 688673213 94484869 685262357 9558645 
985340998 488864552 413435973 370132820 250424461 885577574 526014482 478576151 884826231 721196096 
423128192 816592623 18793162 584297402 477655226 151215955 18898355 139276893 529276556 236423294 
338271553 16122805 123889896 448685551 775733735 707869397 497038949 609672167 37085950 23815374 
787000251 185277934 336232769 476384060 286623304 302931279 856402255 191920313 293340814 71515542 
472065581 155601255 187460275 646059290 68469697 390840682 623769856 332162926 163455320 30421868 
952408675 697808878 274207777 206272280 531432685 503977528 28613039 94367647 710899284 601028272 
947903099 73015862 45167728 980144379 310328416 183590038 471685571 643321476 718472477 335899514 
234445803 291866874 10142422 111239461 35889197 317479120 725254292 309980121 860227063 537736123 
949040321 875347041 983820114 603167544 457148333 562265224 845358961 1415940 48878604 498062752 
30243627 879941538 34239348 898533116 924941688 802434265 540561635 602311798 232491510 135126067 
342002488 497571050 485533544 440224639 655665077 103680184 755958322 319411023 18287235 192766022 
920745693 518331771 129514287 713230972 155790489 38474652 587195174 458793799 396640182 436264338 
335225916 629226006 805927978 55996415 888514858 472442976 428451855 744762058 123044363 40237084 
443571746 206505884 769345246 393779783 646117445 59005030 249580040 185380194 893291005 603657689 
513366735 427135985 2026229 561331693 290723808 267557630 685068665 700334683 901304778 955019411 
126844155 619415330 923368833 808757827 557084818 496857350 123811548 524868514 94682486 289145868 
838325015 563002569 368860550 675025408 358351697 278356179 852434370 375060719 95979279 945618018 
309139665 585101742 387051191 864336923 59012987 417132113 260369942 798796581 30257968 527206580 
25804507 425535918 440749697 972423413 238261018 820638567 560828322 812108791 258840522 101561859 
999439598 528167394 708740935 478197692 882790242 821361822 151374800 941788621 703997728 4615258 
35842057 289334009 549029357 215513100 205138812 818466307 67246515 373016551 476684561 882882611 
186750721 142018535 345232793 3213783 132506502 306213962 463165511 985670336 483774618 148222483 
54200116 932777154 460514741 943877513 441065947 777815605 175553270 462981302 653814684 490489462 
337142685 27004904 152002105 953290342 474310801 57258036 70511708 140705513 55380186 179479535 
841208847 706510696 908183081 704454964 485916994 62745166 680602444 115984993 22970441 14157200 
529328827 336041113 954761307 990491935 627390221 481341507 205153812 843187572 195454850 28175751 
760442355 788754444 424993403 58485977 432922333 842492904 556767230 914622824 622709913 292701197 
72663602 123771818 718400082 993197570 42529258 689894876 684846360 589451349 879154450 286436474 
27229791 374483222 364008771 522003657 647446142 931120218 965406774 770126670 707712817 592564922 
206330951 186894933 976657943 16606672 30143226 399587436 35145525 546154690 731392883 276264677 
890808178 51860143 926590204 30129750 9733913 855830851 343261571 184280861 642090074 105508137 
59199513 165381078 48348104 776854163 191252340 389436387 577125597 874221492 402821230 755298285 
44920433 480955206 9003140 441107036 197297991 890923781 899523672 592856544 873458305 116798001 
396360240 167662572 440637479 879861776 887602292 38385973 227315108 17960041 805936180 884250169 
594702920 669945867 236080031 711227828 974522823 468363077 751351949 158552872 578139832 402467948 
552457975 992616285 849743127 426576984 14791032 534634717 1537220 665470694 21953494 791338615 
30694402 143635831 560274293 3731902 448788984 480403823 689418717 972678536 198746419 592439991 
962898237 728327280 242688547 657555004 740832998 197982036 378322329 306797678 100261839 586355671 
21683535 709160898 342541072 427244256 292067425 884568880 877032551 821798681 357888460 57125046 
70655157 611224433 495251190 679157715 621438595 809951642 481060902 315100172 602580086 46581900 
362390791 302820203 883281887 339309312 896843561 53591291 367542574 657729014 369071232 612992845 
52016248 819414832 668387811 303132406 312120313 688683956 78634383 699309327 7080076 46519886 
698010017 393426356 108189237 205657612 423769759 165191301 514683544 927528128 640269808 235132200 
360706944 158008706 619658335 335762884 99465049 876946219 109786268 454005128 594762165 364637915 
445628859 97252642 810053066 541023859 963123635 377749321 463325426 721967900 379297761 326002484 
132013355 710635454 990480258 317444896 955163541 264570762 657196604 801578701 711923446 308165745 
492246678 628404737 234339897 520566186 335104635 341042949 828131051 816584240 265956796 770375971 
216575933 277019457 643545227 154088238 967115524 45039840 666522112 515618298 261267772 9179733 
827089559 756510431 736861057 484193448 666957488 82978362 526753300 941107498 425914638 30213099 
74443485 514263531 139840857 272357337 30906850 884683332 483947164 505224299 454108629 244264271 
65457094 451203341 711537284 816395370 461679662 567545520 726739815 941178297 149777928 836331593 
781884438 716675745 518088946 298422608 475026639 795420237 769696361 480646211 569857269 777684012 
570804819 903452961 147768715 423882352 222625143 628636656 873399229 463869073 430643201 478212919 
120372056 856525257 597792767 555452036 873697613 793756566 9389541 584783080 829152818 449554491 
320907533 922528630 416643264 178990398 159036976 17539527 757796950 388072939 730420719 690504314 
147003253 1185743 322282829 10642347 866926146 525613888 843317810 474616708 569343239 82392528 
76766697 446539946 433008307 591924445 710582179 531654347 34159445 630559235 711726834 63490325 
404017829 327269287 477429326 893768898 241317499 562414447 993594772 147577734 312251733 690345156 
517610625 429331999 5221076 154028887 521295163 330496206 556313665 771228057 494204617 198333399 
389148418 27537217 934291351 60045827 387475238 73258955 567039987 365066015 208232414 211503347 
678114450 177051259 191660032 794503486 453585164 332691820 794924165 275256945 507277915 828079562 
549808908 445994007 636764512 24734321 59456598 536840704 398159198 525936581 224634568 575640253 
351647357 724513320 66500845 49699365 757143624 579134594 589794289 460278739 940977200 577895617 
726953511 31819684 407280647 930737238 395484547 460907070 620635269 432565940 5851167 410132358 
17358278 292827092 197417148 9438501 56362441 46039732 130514231 692102923 793854197 575776723 
343737624 964362219 55349900 293741495 945715720 436228027 57428285 579773800 35521621 228330037 
995674008 81755378 384374128 828724569 8648334 424059367 682041967 620337130 812919803 776063450 
339308172 449058796 9416982 607588069 666494372 272050476 134320897 968304164 280889016 772893624 
938697535 69295159 848649840 278501987 560546872 904584645 612929939 937552195 662813624 248658420 
404420496 537228338 431232365 472530161 659113209 23706960 907236717 588612718 181061123 956185471 
327858861 409034783 944810247 410876133 874566026 79951932 684054787 514441582 60443715 287081474 
110061594 395436360 599926655 985108530 63703568 617378661 580651201 797529488 412458703 767213565 
11597046 309272422 691948773 935930633 558383343 661832190 345222147 648917705 138726878 671490348 
706576255 614923839 73501659 61570241 140148947 851344305 24513635 775522585 587774492 554176299 
45163732 403718542 828076188 786518266 81633522 912593667 71409464 322067506 144672101 897400922 
77922555 749448489 78963257 948310782 430484369 436801530 3454300 98128218 921254349 978394884 
349363491 456705375 314410531 353522024 421108422 705778435 74970415 715561358 850404575 1987771 
178409516 745640865 278284783 35027464 960606078 488686606 224797402 904141802 269874473 418113033 
965989734 518394723 953636695 97765896 229435071 741773820 762936022 736445510 77209078 914157636 
107519383 896838465 501053053 265059913 818762032 392291900 131179181 71716897 214386011 559352766 
837721664 677533286 867312245 906432530 117690583 287322290 644019200 728761285 259735670 475322407 
594027297 320430634 999838723 585466857 625738019 710143961 364488138 950065569 147907058 846997804 
479716860 410936316 456345249 825704641 92556587 954308906 275453925 414526971 648715984 131559776 
560558231 401525632 156384197 257232214 307820598 317195708 605701323 24931529 551472482 49191261 
27394821 752301306 442073186 54499285 885890172 412747566 438508960 726382556 922452633 149186348 
802080808 317677548 374225070 721269186 761816108 649693379 233297005 697869120 498585986 640408035 
734317167 689106427 578696740 797839893 586809519 733077708 985028783 942978530 100200716 501620111 
819235557 750603800 684383178 176906148 822715436 961459788 726895121 925160049 125635596 970652498 
730964077 673314781 110318773 308136390 534577485 219815639 354968951 790391943 422068100 353495501 
617821512 753294134 759079115 716432694 270865729 693459131 151433276 412593672 552209185 990716353 
717250776 360556610 46854599 301673269 71647235 949011812 60319165 66856650 88750083 363125490 
31433129 656528250 228385413 24643829 289304283 367495163 124087063 39446137 177371586 58561869 
694485423 241957392 299711093 973366067 557440290 869985358 176114990 644110516 630705582 287773259 
420779722 277908123 814767985 929215012 296857420 3026932 567053552 436704122 237329495 785572502 
147915153 725243377 741940151 608180628 389835809 537450419 871382488 581794761 990208334 481078251 
633802829 23372372 549408302 147300682 821401675 983950107 500529847 195516549 296475948 668601151 
47029316 813755092 391496428 232845743 361297942 850763892 316142767 323339159 864064977 839923495 
751918905 69311722 470352379 252000431 601570164 39216864 579870849 787702103 852011246 500090482 
148770610 677516906 518445145 348134112 22353985 390425785 775734793 5259819 422655175 423182105 
97191033 249047453 180887359 834917603 802002631 672897085 936015368 378935411 167303987 563269979 
193031654 600497577 465274275 480571657 85038210 942028907 343910946 847516830 699998949 961995553 
837277533 208390454 521166849 3519799 236011813 601917997 759698217 755280287 366115568 720621480 
695076499 598799692 654131799 477998348 128391645 806366648 379312537 878870405 359949445 304381792 
523530775 265235585 468609136 844559426 923051734 897314866 705352804 35782756 239503104 99171343 
114742926 710171217 896381027 329524563 196771581 591793555 728103409 595682173 649572900 488990011 
332836414 350248654 78326620 305008734 358733318 837504718 596283232 646353556 534811300 668264648 
212242127 880802426 447350939 656088649 921180334 13903921 986503697 734391205 286530787 384345054 
22065487 765867634 872996539 218825768 561634114 949500939 23235940 817161405 252015101 750850062 
264480884 449309901 879335221 651176671 17374817 735110541 286834372 272599074 680739591 809951414 
69320486 395498821 461471782 751398660 612052480 278310900 244240864 308537015 53671572 17377954 
542017854 449460757 35814988 987438343 191831724 211574245 976011065 543698589 16290937 664879094 
823089290 952154402 713877849 957074838 598420757 769942809 346528483 398002715 977419219 412881481 
14694418 141538654 172934242 951846460 539296712 169869883 80097668 358755009 889300806 170188051 
207066015 87383146 500823222 8503882 866921276 514279695 120207778 874915017 598115209 271834697 
97296762 657122428 698621143 547342328 422717457 722588885 767272732 389807806 363273248 487052103 
285133938 203449985 915517890 170094029 867666838 544341229 414295287 642912 598483561 513611760 
476179489 725055621 844826739 43693116 802519690 523153853 859699547 707482569 22680283 785012242 
570855280 756739152 429468070 779245457 820211236 494855632 500455390 66621386 52441739 804694285 
975658330 584799826 896380897 200031756 868725590 813672257 269968897 64158361 591834865 276224437 
156061679 895992001 382579632 414934605 828238927 301157720 476149242 770784686 747770347 243701365 
874433945 128429826 426609200 10645488 712939583 479682164 518863793 142441451 445819903 920767413 
583558308 624252230 407362000 810870906 665806176 421466665 44204046 379993852 328047333 939458687 
40493816 934717559 499665236 48377461 375836979 366023595 629020275 811579647 161350214 65657694 
801674282 484026963 966249756 702459096 234576648 582740076 110925957 817495653 736212159 448476040 
294524852 384570839 100947620 68629674 640208066 747872001 132328496 349838361 222436138 934695485 
305803650 840388575 118155852 8661735 691953114 271297099 760010731 93859296 182296095 989841520 
34648237 406274060 755162970 105179299 199603362 546278612 600779065 632674561 471012790 167378085 
803293325 760804839 619073086 389593967 881789388 968702072 971649393 515395366 371852176 3986714 
499533803 785366597 4059414 121334265 14624811 436160070 332307648 107298179 228498198 724640299 
33624210 787713259 514456179 33218808 878613178 468118182 86533997 383405111 520739841 709569776 
956447508 662167155 587900507 964062280 381338332 182897085 445150557 323391984 162317084 769822250 
849586880 13413485 508463504 923967570 834134243 747245582 14042582 323461075 630838598 783200606 
159231478 700194252 970515216 693819312 850943188 945025891 905776522 249596315 528419004 400435263 
600513186 899433850 193623006 676555023 494878058 405995500 153856206 622169601 68178070 37283921 
730856707 556970315 493854977 175700308 419177305 731895206 449333288 925188957 85020304 461249742 
113219245 841420570 319382474 72879620 464752341 659929599 536329489 308472971 33484555 810737346 
889912271 247176750 909331547 751387614 566946644 195830201 392051960 45046290 46082387 954668412 
491197111 109365983 364059238 533220811 917415313 194123533 938350726 127302528 261074469 472663334 
880441748 29516407 63235635 435134457 13010386 505815057 525202723 100926745 747075178 122061234 
142775932 828097372 72358374 110324548 979474541 351373660 702778551 816008625 684201031 302769146 
409195951 964275564 843870976 444124374 506959494 818100457 48557489 13846743 88386648 639004449 
70113819 817764009 147561509 892589583 932884763 254274874 933610831 977649973 549875000 42355261 
49076767 773892120 430547741 589090984 440378434 713297087 880240150 322287413 838140741 374862392 
165442198 63732963 426459933 971924243 792750258 114354551 993799330 994314214 352556708 190597108 
723509774 37768647 214061896 704411943 539328897 83008725 932210850 451887134 385308544 3921070 
473796182 972839595 471409010 41274106 630387758 917856230 42898977 95338465 143842456 750104232 
673167936 468309133 314263334 602074128 596569824 761496497 541240076 950833666 48355322 107614208 
978993573 743181731 866122984 926119092 493707502 486927839 950547691 538942473 660661769 644227556 
209017254 637117888 768815036 696633252 727353760 238402973 12836591 27934805 96959174 53641705 
987063090 110137589 444783848 7961073 998555957 949877951 955173944 654023812 829665614 26291639 
726160334 961963641 245626871 79975205 149159974 1048871 172952140 56618000 812843424 366639340 
254539921 984439755 708828927 466453415 296216746 776135270 846018539 363910973 237838498 669854008 
725227375 774934551 794730789 635944796 926832251 589703074 475615237 381182512 1098850 433388238 
787722937 24021976 177118047 455630992 301938905 367235512 890056457 938954849 126326435 620483326 
94860002 356653244 387002233 14939926 578239181 544449955 601559137 89340979 393234321 731993883 
723417732 130831821 144808284 835184556 709787055 802839326 208851515 51471074 760718037 928171428 
769992867 420457422 81929867 311787426 383150571 318706566 613270411 13304478 574295248 436699040 
691440946 69731812 375641071 762814651 120674817 36289794 121274446 386644215 546094624 198682187 
545526740 120025720 55711190 235104596 404595661 421086694 264544274 696829305 138361703 62858991 
111225062 864850009 834391607 399277253 63207941 499074134 641612468 670848153 107943757 110731030 
445471931 23161894 595342649 832589829 550055946 228292136 128681834 664745681 178979525 45394656 
601704743 55896043 868759540 63427729 652775897 196246797 869145090 256092167 602009485 940711855 
952417599 387962636 542445942 75918225 156136031 690649841 176849513 806128437 786876666 20887819 
398652256 141566049 136585738 690271026 175674872 579072672 49730160 80494148 547423987 979676610 
55413614 110078112 703318198 2123351 391974703 192155819 100781515 838363705 366157627 526895951 
180687713 546818816 203604740 696506999 311708615 56574091 381536348 4846484 847550709 916342141 
116396027 635868699 413751043 124682173 891265022 745648645 306968239 737341174 990725731 36363853 
976316380 597273365 370297742 633085814 249140238 62875853 828552391 41631235 817719535 301353495 
407705273 883272956 143618764 137947306 276428789 900006000 360515352 691550343 472499053 810251245 
594411240 49830511 611961593 24753928 692191606 615806572 195058134 107480541 253058719 51217989 
657217313 349633413 477886821 744388618 575207521 56245410 247841389 653068942 133759995 462937048 
389792386 483128807 895198139 438110800 23082256 873847279 870893394 446959159 20001450 254852294 
1526993 743328060 694512516 889952590 497317171 233328406 162394618 560037293 365204178 304647164 
888476935 22638542 91459565 737213227 799099599 37213153 363573032 579497316 97561365 798214360 
20944907 770301804 161249733 597198569 119449985 988733578 962052460 156123150 76602459 396396812 
231734715 778630791 930592203 124944578 814437897 656954709 680511977 65424256 436987853 513167041 
34833457 181592481 403448103 247909075 872692740 379060864 2515287 555115996 39519011 644603645 
807036230 913161965 592923703 814874110 939519481 394122845 129420108 574188778 345358113 218233927 
814817872 196785711 326719373 536891146 832164761 886630334 83916213 34097607 458966108 419408266 
444391985 494068454 226250551 193356813 746146368 228866706 821913256 65894083 687581762 61804343 
444024723 304021164 700598334 949714444 341785536 984558798 847658589 161086852 289631322 991800497 
389715309 609333211 101368946 907188961 172814175 488107919 741892986 127961968 316916170 315303907 
740794315 25436273 723525734 58501469 793712927 258191486 106796945 783141450 444521239 51379507 
64343244 562905399 807407543 147028401 787016511 322754421 444088805 56762652 693029426 722326941 
501493741 280747294 627469202 341621769 857517568 902331489 174797938 53704534 158537904 854210840 
643166599 110289130 823449462 3002231 202777002 77789544 759590701 831136822 433606746 117635901 
782804116 52460307 658505783 822060823 896904911 226049357 464397704 57793641 465664486 566972457 
746205366 217708520 129628485 238254961 53979343 37995025 98994746 167469040 200562180 44704671 
191587963 164986359 729185324 712844826 541206173 8585690 494839103 255209029 830624926 756735092 
990477275 197332651 194711132 322835872 680179138 918705178 16576026 56719038 741477977 643456550 
509296388 218722100 740839723 545045926 149187488 50985705 349238373 858137395 747258977 298584780 
654820183 882597293 339705881 65461579 778410233 732686517 265291905 14164188 528099940 535890739 
102927539 490026617 504455508 303007186 796304305 579449372 728745645 468996479 933658332 765104966 
16397042 957771246 140881021 473789309 947440336 918011926 998435392 221230793 508540306 203686063 
891652020 207225399 331754411 451984059 638638284 655376983 457391919 389929466 903821409 676151741 
841511001 401885556 357046957 22939010 386893830 252125684 945467346 2291142 940507704 699787399 
952211025 793100325 150309013 415653121 536911251 109482565 25984230 13260920 431364196 83103311 
64328600 308132806 232406899 415632240 709852734 174485003 587080659 866131032 43310092 441674538 
680440189 114140604 363394654 945709639 689029579 663094484 438646576 399205455 610778623 455722462 
915011492 153526897 839504314 193129113 762677375 42548381 189574533 587612363 394397355 265560076 
33820491 286410939 159544758 720598455 80156382 909126583 583199314 8410845 220779630 944882320 
55264467 34393475 503230229 58253848 706509748 575672045 731907406 402486187 997258770 561647142 
297572728 45991844 788461103 57133180 899564631 628178916 640947185 327212548 275330964 685421647 
712689505 351694866 559632441 17783116 326435629 453251011 135067957 62335053 356572965 154123379 
112139742 675578429 917820097 998863431 743418986 406792724 799145882 384420004 655566964 696121673 
789777389 20226230 48235389 637558873 160304411 26764267 899662185 3222853 256967212 147542645 
360077054 790979089 177593927 558850507 520937577 853252934 634331963 129018664 634032569 8128113 
971607034 717515275 296940386 379185313 76367640 334072501 161572026 963687661 106578256 927680686 
93007487 388477676 153911296 739990849 146875728 336573756 240651176 215498235 70081583 55055867 
619506287 65970479 546563845 755367761 670280349 637554294 819113246 53224420 615480610 907585832 
203541417 194939747 685596686 972559076 273877050 913326844 955537687 944605197 202593095 700948965 
778387479 76777546 287791790 8467413 37834634 927810822 783297582 7496076 628916500 239591406 
325576681 614843721 52896762 886782325 400687849 966459728 313805732 875122515 818747799 193665130 
339114017 190622466 154227269 608091235 440076963 803987520 78630822 451419788 655358 903191440 
700822353 274990651 132332333 535052473 872951874 326727495 557998030 401250629 241708376 756541580 
387726497 252121859 896497624 345672301 639649293 98602629 25232872 201760077 989274267 21918626 
421316885 608819221 411286392 211554806 186192078 696049329 639892216 633256798 283737318 924960915 
636384014 966866557 953712662 879114031 317960660 173828921 944632441 945847421 662641161 588536638 
638104591 374395258 190205326 943087738 476241722 299965607 704096232 800750495 59804484 996657288 
819775682 291582629 65019607 874621478 901262952 519536453 536457859 444069774 79126605 345099646 
924779323 507334224 381757829 282069524 795669720 22249472 800514892 622608652 135799957 636562106 
615698301 233393202 330402706 114723734 172655387 318017939 442708305 67034934 181264588 260493827 
607186492 54750785 612672345 581994393 725138973 104025054 267614256 126735405 905126564 374393913 
236268002 361005025 426907108 56261892 513989285 679643029 597757142 823890930 508317395 826489713 
763791829 927686460 217892713 764013920 360922913 768244768 8364680 140717967 563102044 551755102 
616744952 577184498 159500816 764043705 638570401 33019327 692455975 94255740 726958096 729821681 
455412849 472375795 979207928 565607366 973154338 966320621 699596205 232316993 194380625 940485185 
54094250 267522985 314189178 663697222 880642317 924155912 161290748 441174105 686053655 564167597 
67740316 417244762 871789741 91963307 967014912 49393710 631057625 542570071 942122549 32008511 
737996104 267286990 34935081 186383866 565241550 306686573 988638515 874039885 68241886 770868567 
30509446 417817134 292491539 38322930 30554818 299700245 257252266 68336489 773859172 997905791 
952686597 130946861 871344207 715895149 344473129 904083821 448076109 151254756 860740161 250380962 
838759816 419509099 369829657 435670277 733166096 575514000 9711267 542717206 508942425 100320099 
434026102 368060439 792869050 986009849 909944395 694616718 619662575 827590379 832783998 14021830 
556511896 544721108 870824083 67875664 56812983 963275734 43596718 280912251 852984630 68193558 
61173016 54528478 283712351 590968892 228644034 247237847 323916898 14491124 569846714 621380866 
106601683 576592495 926612151 854669761 926494249 617171939 761066131 107793340 103817024 555055366 
260542667 41921886 551569112 945915799 39913985 64853843 612511252 138068694 440943739 321734930 
673927931 114504199 429253282 21005134 789117690 122388211 383573379 324917891 44242272 636120166 
187314001 427443055 891071969 476273842 138743265 303459222 191983380 41426474 384775468 981096381 
263599349 473924521 25720784 117084783 190623588 307869449 743807888 53799547 695080100 977036204 
397832144 441434484 13591517 141269750 846052378 121498160 108869530 274072784 366962844 754587465 
667953227 815060519 266859176 382392735 213597892 657053547 421439282 545140437 34174652 230849297 
857009493 112140239 195088719 39369232 781525198 520154938 516061053 494877800 434437247 945870852 
71789737 311409560 386045166 591780832 585355546 536460579 434660036 569549251 828748925 695928596 
248044878 11691114 284588130 536698998 676340991 370831570 257311419 366090202 367443436 726283454 
287440992 989239765 569170510 204234036 605058957 22091648 939373828 68664063 959474274 686996726 
321813519 672953136 120342882 878016474 340675348 187689366 344520180 77417935 2471389 41878345 
702747877 500810493 632840920 329655077 741634277 323178643 746796438 814346822 521006342 461138751 
180160846 530214545 249268032 215030200 597130072 202377515 589556463 24681269 226280882 43354879 
415667027 601038323 5417342 998720829 608075279 581666226 733473154 254639063 4465577 225886776 
893768870 973285378 169196562 412235213 516874362 183858362 128662804 159820734 346084270 523798333 
40330980 189259483 599916696 177016207 827704988 712052729 406097841 662461685 855387829 965323888 
53664280 261693562 463879568 490833053 695325710 2575724 765238768 11801185 425723768 207512545 
520426365 832917408 694689376 966748460 203181378 616799428 506199412 734018153 293259311 568866615 
952692358 994547958 240304536 408240109 756439818 423887606 246430133 452383192 71912602 529519056 
498664992 77867121 222247287 151939247 72591961 73258550 917146366 300741376 359169094 294521638 
963083319 71821557 605815468 139062087 749548106 309485577 169323447 764376352 670015751 455513459 
398671223 461862975 287028574 37422769 304124512 365140917 316149733 417234953 487300041 92435605 
986107734 359342334 226194543 501787769 69705996 531558109 599687920 675788797 807345550 119972148 
767568976 945397057 132996861 115030613 289642102 142854763 792031141 899507672 42807471 41529890 
540701298 508126998 144967723 360952853 901322614 235439 730519164 917782387 556357224 914159109 
847767579 825445745 150714656 170771390 207699170 544609735 249280028 681227334 87553170 941526834 
38981886 76589899 683966798 943142387 554764044 510069567 211577374 158589518 18838959 876614617 
40639853 24293132 187390197 440848532 842879883 251523066 515982351 988878639 481362220 239482984 
69805523 61033514 88365544 86634922 178492219 519598929 76309177 124617115 246161892 418544169 
41489536 50561301 674714255 323607172 412454528 877003386 15993764 598144755 474274017 37283887 
311174058 64977228 285587246 46877467 216202192 339751725 45058776 655716652 609462888 129906801 
129287601 261772242 133641574 541315516 727837809 142980739 71504613 350890229 1812789 770624821 
861074851 97862087 430173691 940995303 387666816 477280287 793978663 799469592 62243843 330927793 
643759617 166973774 865867989 678169970 68365108 758992273 696304196 827666463 135944529 485145837 
49721280 529212597 783587146 231677684 414481506 648862199 452975351 577220921 147510625 220470764 
691016597 253334998 284178587 610552926 685165634 645302759 314174738 690687324 58922113 226012172 
628508523 197174201 822654141 398742251 342766705 540396426 364223678 199816108 86365072 916859052 
815639094 261986428 93921626 460834108 869378359 7052554 41923078 66999836 708714681 435074829 
629865452 147147637 166257945 101595325 463778315 163486512 775043733 27877716 53685891 580117372 
974424017 282862487 39120155 148588363 576952405 46850631 86185404 938907349 537751308 166574766 
603002612 156417555 173648071 45301528 831246452 883147589 422244024 761182552 830066066 942265708 
255686904 373022016 909938632 686713553 208019713 233591594 663710003 721776508 131499060 195034225 
816244501 298517438 844641876 485590008 376589395 673794728 9339913 36091041 903519224 550488209 
490259807 845995991 704852912 779768212 57557060 136107013 445183566 70191120 14719758 351888156 
834831943 31662373 538762994 510589201 989958196 784266558 986188430 30655069 684762452 492227203 
870560864 11068028 53814791 536016738 436747596 886618734 39023187 650821391 833262362 754466617 
917857892 736131584 660144886 814047333 461115653 188613744 704322542 740884095 951108136 54181085 
756228471 99938710 796545891 481628810 318574057 430350273 335101040 995566590 60054270 484746135 
864611756 366243203 276371032 729776821 50248345 371853224 54865912 1485371 887706717 568358336 
3987142 979318608 936498240 172491873 948849425 257391002 477845042 616380390 740370180 160550343 
606282562 182799085 71789364 863121927 918580264 49298649 40056603 251963022 21173181 265744464 
599405460 977261591 3981180 698177982 464991580 994296412 404894732 496025041 539943320 882613919 
394455982 378109948 87345232 24875557 156304589 220692724 720863472 973252789 824273527 538447158 
402623686 528041757 352340189 340777854 997083528 814821805 867485653 28561744 390067147 631775930 
587191641 224269173 311048589 352612637 366772231 231854195 868113580 58391728 180412831 61643035 
48555373 45606617 567941511 568700673 333636854 963511544 458446666 631163130 951470035 876789 
32713491 40822176 464959605 217952194 593994296 949639122 30839214 812793290 846699947 955326260 
887251255 615606660 961478790 890046123 364870187 139614185 901290120 395465443 380442505 638940405 
49926802 611123401 495423157 690305577 806434089 18191377 234951159 961938697 39657718 617477553 
5126394 63714205 98655562 820044388 90592592 289410292 125460115 820242729 356221161 104096669 
522839273 49772993 218399903 859836461 609309828 671351604 393771180 256517564 797661762 6510667 
581284146 63449190 149771813 371384345 37154994 184829391 44796881 288981100 967879317 945014680 
559882004 3774042 783340967 274718188 775637592 814638275 53399191 190850037 425159983 374175937 
398281336 620261478 99243214 142646328 902322499 410315763 606458001 660734543 567703635 84621269 
930352244 271958000 365311207 974988359 79428504 32292937 588439203 729085707 681202373 259032400 
24477710 226935270 363401954 3627063 724345623 431081760 985375614 647466492 590335882 981334533 
287243594 569782236 192668059 534638950 316236957 380516314 625777251 997102104 418165743 340278589 
519601245 615918452 563361374 156822799 237989352 627421142 48842795 599574686 305916873 764902174 
724353855 417100799 507562918 806332722 183870880 367531142 729616012 645758074 260214780 404537167 
327762793 35555937 116456998 754939833 311884179 704984028 303516563 446610918 833700672 592336859 
46595549 802532668 419416075 157998553 571121472 15491302 167864182 811334226 510109984 836838485 
30468962 344670023 572391041 714792376 56740505 923693756 291829390 456511623 163773252 568522042 
816871187 708647421 576443765 338802766 854433538 814184856 791545247 378389768 801341682 561209244 
286691097 926143101 30633371 455805838 973823646 776563781 217566811 518109882 660335824 706685181 
746983348 823486125 66252976 57733318 160242636 567055291 848536104 430068677 420930796 20964729 
1870977 386003105 40140802 572096325 36415212 487090952 758468383 95362746 56768767 412643882 
939441145 407604796 429717806 44272955 372376169 392679794 205226837 779170807 377162478 92773831 
610175286 30449942 285136169 175708392 180440818 30257883 33630302 999466824 301329811 787202443 
841650171 200755871 682304899 821750766 146772489 617680999 870957329 391967184 770129339 630624350 
290653939 54806659 384332776 206011143 23280831 529464154 537164680 95172649 967850353 84070959 
313908281 630789454 522881000 110069726 334645438 120325189 677124457 630264007 979933563 353135008 
665356314 772501840 214030073 967539511 32776071 988587105 669078632 931442339 853913890 575541735 
220453400 694007748 991961788 162665810 413196287 713463612 512382221 574952470 526932023 655898865 
210388016 220046381 902203773 339124879 366965799 662454931 494959027 273625604 249799507 57724872 
471099486 727313410 432803070 773871700 956029225 387406464 417774546 536385339 602517088 62468409 
148565087 23266955 51073909 170180140 48922520 57088982 692549503 2724891 657620310 763410097 
880760758 483134732 786966228 31606578 332274169 109020875 647764274 867595895 902346568 788654949 
276332530 754435362 515798602 463110062 780195710 642427861 653784520 358269372 886259616 725483963 
553142064 22959978 602398216 109769471 666704147 554372311 181489865 374474578 352121255 978346724 
830124252 140654697 526973254 669461945 720053404 47566460 552359149 294929217 260145737 442370250 
82579646 207894953 523829894 846561296 512170622 586069477 199557850 766206229 651611159 93702699 
729045042 131948833 590186008 583328885 304984413 41596031 861526576 657542404 351537551 583337732 
132203959 639251672 864266975 436809344 4553765 696931385 716325065 38660941 826360217 714348849 
783317676 714317514 319411539 831907343 222740045 849672149 395242554 511107045 941288018 996191571 
683162455 417910027 921282760 16151213 246026840 682001307 30167455 45987920 40221709 901179379 
57957672 393818667 236169967 816347958 57534109 697691701 389308309 584382922 945733273 459963109 
955033405 648022491 38178204 326540729 138548297 129464791 213976713 816159152 636797631 189959920 
423668007 646710735 18979014 544433054 827593891 27833247 663540529 941905434 14936588 329459117 
70779371 96208612 410042070 126817802 330635408 656009022 391651160 505941193 72737493 887576494 
41178957 303400579 202280218 987190912 677807704 606546646 750099680 401129025 801631865 261657313 
98121036 111252550 896998040 642588618 318972328 223700771 349388546 353689912 301363170 375242036 
33070053 266767321 284105483 811635480 906650072 640057310 619005401 915335728 90394703 54891897 
130647334 551610148 98872359 24079206 516373103 12531294 523169824 197503841 679706198 189349006 
679168349 312266920 324836129 226787621 853465573 298086530 1166647 816771290 998673189 643463351 
302403499 678582824 100397165 916975636 695607977 784676301 509589870 106953960 767797770 740799821 
61781186 853408650 28313031 132276589 973005413 392733905 87471740 541673656 79631924 426886298 
63670253 721010173 150678133 483557446 178162558 25189582 395756111 537963833 651731641 331779 
529472589 10073948 199006668 864194102 138245343 654743452 562549256 436852805 865237209 458906217 
980515940 889436627 677038066 21018168 841606136 722157511 612173638 11921408 863783042 2647754 
389579733 11571649 648988900 538561486 57173250 827985658 129981859 310744707 163540756 676481838 
614949738 61731294 453793209 250780264 60405126 481229471 309763710 539166643 826562664 726475712 
935400280 943105440 923612197 507750661 696763678 287941828 961928953 729561972 796925452 652409400 
35564991 65632729 884638786 57808408 424415355 868822850 702647363 861088260 115222737 719528321 
259537782 564821922 624474252 751398829 673045161 478502682 492685848 689340578 315185289 18679192 
818619655 1423227 218938411 269790158 800557199 352842784 492119942 699898991 391411210 173297075 
623405558 842947253 403442550 232432929 459612859 503797980 63237619 254308759 780661624 635322021 
605832263 55892233 249709237 590823380 950813021 356585134 551784029 342950578 491273922 37681022 
391401024 152344203 406644519 72587963 898983570 907311665 277934305 644795494 971188842 839627384 
742746220 682897349 798289476 428011704 378899172 246936547 693676672 455723342 775368842 995580943 
595209697 739932699 462997318 955879004 236773391 605700356 253975839 701592096 65227284 30884464 
662256324 538484342 238545636 388628429 69059589 509008060 326780366 492133899 632824924 67033364 
357714187 826653727 944321886 129751784 417721911 936483201 762723658 463529823 481601234 704236719 
12904322 561379305 987303615 153635240 158566668 150098617 860335814 997390450 951855889 999863109 
504221458 265722773 1123679 888355015 93575603 712820381 526371047 47768767 685493533 418931867 
458136127 765995375 633421480 243584676 461347872 143329374 188443918 139063889 818751977 699744470 
328819440 429328446 59597339 178490982 113584465 539515531 701309147 274659168 75696665 543202142 
630688371 1892699 917627539 160418655 187639249 25817523 730367471 573386811 256968455 184199173 
400142273 471653153 30982088 498749620 22087297 283754312 369662963 742502758 280342025 638310503 
347805696 236257671 203844122 421716283 514830227 536979653 962449623 876157445 415622642 207523218 
670010696 704913161 634788486 994997157 596259288 438456080 217326429 721119865 238426840 29390822 
128808872 802966477 580182266 971165406 944204349 485476898 505568214 529802058 134542357 335548225 
326415464 204957955 761204431 38150321 612108176 935066855 441261868 716083270 616732817 679228757 
310177681 437413518 598512531 259897522 697776777 729572705 515366946 212755432 696272192 912819290 
465306540 455557346 546540041 178075991 724308998 627707153 401208024 409536251 307444200 27545578 
831693768 15080237 496517996 367788390 786060695 238583192 448415379 612515968 512049189 332123689 
991187904 1087931 856823033 916001683 500840507 669834649 16452028 492968398 39440559 206833445 
619868860 150102164 574286765 984658538 304442730 341711331 868236327 835953402 142252764 491141246 
335895541 507140712 852748875 336858732 423648852 45085901 759952278 876280695 218198626 781603144 
863494590 611855278 242390435 504820855 916909417 58301411 479745663 712065791 471951199 35645998 
143664833 607385097 594236175 666296425 265436698 991419329 880873739 641652402 510692508 306109913 
370809224 413585388 962051391 14339588 199706335 245981757 277694560 544439933 483667982 84501905 
963712573 85464190 21271352 97825302 285061498 95335113 962154529 815984318 101124511 774594083 
187331251 718598081 192628120 64119762 688573820 936846616 849487411 461128231 70048300 962500867 
761165989 432753391 753427996 397115011 946510086 58105344 485357763 298209249 765363408 931487154 
294818367 902036773 42906467 925347683 269263826 16788128 349518470 435683826 927650913 677707619 
541502684 708535365 43696374 144802757 87773298 689957827 435194176 47695328 952799033 989735642 
202937871 652102166 44544899 999896955 419772376 124990853 660531848 979190169 637959991 512413846 
982832869 513849774 67999590 461980532 424293144 870614837 133112524 58774667 202998789 504581937 
211472746 595208466 293002100 901827237 90427243 749092732 267332241 208416026 977104285 548061701 
812360810 415111964 294950385 668832555 544092277 180957373 110102013 891201073 12067590 139040784 
122788219 370613662 563036638 283520943 993273032 729479612 687047320 175063350 822894438 155670298 
149561657 891275206 896130682 57209610 532115625 131843715 282369871 134380581 632846132 879898390 
772841937 597531842 128307464 333174828 677057299 360471938 684827323 981107701 27920330 231588296 
224893890 878442150 15746767 965390392 749635835 695508215 945202081 985112895 726005540 703054501 
864315616 144825739 30219104 574478578 232182483 941673615 824739770 934071584 816323044 735433472 
548805019 206728953 965381407 745324890 211304531 729212746 143408310 685429340 502365589 500022884 
913519743 513816968 280834554 632517274 855688820 705053093 101887868 594353861 187721010 46510395 
46535163 560836803 393645691 105675550 1546685 143503347 302171573 737224924 199949288 12044730 
352198248 155229518 990393606 522922499 13326020 3608845 761486729 51692470 172458521 991517432 
569242691 669134152 822756189 347537075 477342445 594567468 497293225 682183459 937130146 435130970 
669003964 194283764 543439969 539062479 84139894 728119571 904458126 724515339 504172126 395666228 
371026034 753831828 234277918 828634189 248458422 404643186 133359105 69020953 942101484 212193458 
632164988 89563287 921106950 735632868 495987618 26605703 648724957 347264924 553286062 378799604 
740845484 135992564 579243389 393513893 795894674 891430920 72035089 17817771 43078162 759309433 
773243920 405621974 367011991 10515948 196215363 358494527 371893226 38454920 857760279 27536575 
453185211 880407931 853499167 548670583 56752156 483433845 136619152 86931015 92434953 10169131 
25698755 887515991 756695002 152077269 792969911 924845201 698670287 261176241 30553740 812186404 
110902412 300375166 507395594 718829315 827611034 243776513 508551192 105934180 725286370 147907204 
108311109 280760129 605567286 894140754 704287043 105990106 11793864 233470268 484943206 969919281 
790263473 239694104 306031913 616576141 617645164 401603644 574085034 532100343 757232472 49481478 
948580137 43110848 559473722 10667352 715428748 750236410 781734072 230987541 904938718 895091194 
136306143 919662246 638614988 62216156 25542302 775600504 589340199 256785407 285058632 843398778 
670688613 137638533 965921558 81624739 543931679 658627284 493615267 265837418 797053844 643407384 
940028526 825740620 499238437 548040126 8513115 795191881 795450327 451547643 869117747 360119400 
582209492 865830979 116959008 929720367 370256874 994701778 23874097 510108459 376550155 885658150 
59678427 486701678 360340427 31593346 453782135 192309516 130833125 495654766 17506238 736771741 
725843383 2621747 678847824 917460415 892572865 332535903 909628977 243227281 682487338 311485766 
118705738 482287928 347693115 842324350 568786149 364711005 983196641 16708705 300599089 619840429 
470597423 266744720 686897860 21035609 831078362 113851755 698748948 691340692 142542268 146531226 
433044733 122028823 161144146 37904263 15912253 41551263 654355006 86661858 882509564 480939374 
848323013 281689627 243910973 985463495 471962961 38080235 856277614 21958257 399052016 751165132 
19030238 16408638 739471828 432130428 276172608 841010041 675711185 825787262 461420333 87681402 
44367075 167016601 299422624 487310871 514406821 566786647 309138296 377970735 994596314 37139589 
231279610 23897633 154177000 850914747 273709900 646987348 688705112 351076811 880843515 940575150 
297717336 283980880 26720373 295730716 514046521 729595178 400005521 583154448 97709553 703340795 
112990979 648276478 912080794 575950761 860235496 140174558 512645617 869880544 674620735 791178413 
438970071 652741774 870660205 850784236 145803732 897123685 847773624 928604447 194652815 994921308 
7137741 844111183 748326743 238051375 339433275 369320585 736053150 43838937 20303094 642111069 
911074937 40402209 561510100 882089056 63442209 855384588 674773523 72613034 493471092 764815972 
470210514 387324505 197586037 160353847 957161364 550910476 758033608 908973657 995111360 607623273 
871008567 646235360 283988515 919195799 209581871 699319207 878496364 759452356 736397635 722608845 
783309999 801827488 97986985 446555955 30688739 908678625 721806520 24157952 986665059 739633853 
257672048 605979170 738227825 30901362 943568370 249908419 258086063 176667586 315330052 838234584 
281586852 72079728 840796558 666077079 2242365 815571141 898067743 143228922 733382473 377705485 
383102569 724313921 577223676 309396762 546254529 215724655 502383469 310651839 204866976 564288969 
355134744 985779286 142924581 210934618 910330972 828059195 665834128 708977 151235326 317399631 
900138184 99756320 957500325 246798710 911411926 804973759 137116764 719964953 198645864 803173992 
678000915 819932069 80782927 396734073 48256028 22639370 311831809 31300117 200239795 281342781 
662236952 568392098 23778160 192413366 23661008 7875915 955098324 569548530 37507470 102786433 
403846594 25530609 836855892 792857971 441199105 445975994 279653454 276368794 53101758 282053844 
328097864 80791599 949242632 997809867 771137589 698311090 84702803 262357424 134978474 113463141 
32372470 403358104 485384288 518485454 699336365 425107227 16364726 666752825 304155416 509035991 
268632620 709218867 246237242 742822635 60411881 184905745 982983418 520760189 826690870 978273127 
725447589 762307381 818637825 209606289 173566058 359707327 711363419 976726573 406419421 812564044 
219132411 145507231 369943413 796322834 750147769 433376140 404277774 65323206 143050003 615824480 
73564263 363399210 958755755 362422472 519353766 595539835 116462278 375153208 1200591 859088894 
675515599 50453861 444935249 736725884 665789138 738640589 735378553 38462144 843192066 43004203 
975345148 920385055 230844212 347678724 47292784 42810856 921769825 868889629 918986964 957505273 
667520040 672655361 547499524 386468652 96597322 289315455 453546310 99153376 940001324 778482986 
819859905 238368893 633588312 243372760 186716672 391938793 475671548 680226339 187298419 335057426 
497529449 466149355 216597486 369800808 373551765 403271122 288131624 188738143 2347417 770123967 
265899581 556693746 316920117 117824348 841957677 295089179 502830665 106088600 889794139 379861852 
855361369 272988710 857406991 120279610 971384081 991862523 389154804 451528380 317419197 657160660 
913798554 382265328 616041680 56989101 313275637 555388007 313740127 532497995 74283740 37838515 
457090211 692871860 225465739 854849008 502537083 916445106 314920738 343025721 166340072 39561811 
58447395 953267503 871278479 420905580 216560121 355904117 348879930 898835729 953659756 28316726 
797119063 755451679 467530029 628552605 529700216 89627058 764173392 187483484 254912721 418718383 
776911052 488544294 361836989 655907643 967604733 159593269 25225272 201678402 8676131 247123141 
834024295 558442225 726710753 797986967 385925133 100425532 610633919 259536495 110325524 251608666 
171045288 919660694 910294537 524187460 159158380 59207768 106494879 669955897 531131711 660631176 
937361963 282080316 82935608 270978551 181797415 141314965 51508435 536628736 75046063 12281419 
428558448 261179136 494734855 963389873 198643410 503364310 407971859 873816535 68768672 755936103 
63115997 948126740 90237928 90833180 189192468 49376131 762592920 48988514 824749703 72013697 
186718979 685102377 416976558 879717428 510904673 504635238 992875809 241675520 647096142 293512082 
674079262 481513232 469437002 102071336 895403271 796820947 315257400 121823531 335558370 545364860 
83053536 85687965 256599256 54448001 75727725 412998409 850528950 27589403 367273711 804441594 
405003631 106660301 840358106 581699202 507856280 284294102 821514886 772252084 112765419 439040190 
461076141 422269226 12451780 574356431 636744688 23531903 24815527 211846296 306870098 242643158 
103646137 677535083 977497787 247293266 645588546 542226912 29121398 998945692 279231025 323642704 
820851891 626484576 325646232 342999387 917035527 134533072 339631659 326620259 312153575 119581215 
764788677 752216078 663334960 304133127 890952420 571455432 898928802 816213061 703710504 972205887 
14427999 918279959 184182232 148256997 96674162 555046085 353173597 551296113 388552515 424740885 
691916484 707784030 212767524 574180564 454634560 591858027 452432327 738115156 652595110 153200409 
964677316 276778473 266671600 663254065 886871832 931162476 647158971 290407483 687778720 586363320 
920874185 9686791 594539427 590528815 512062591 519962408 764690245 859963958 186782311 905859189 
55496724 24562611 547188656 118570630 390638976 95996311 122940073 201081661 19084123 29007695 
576475466 521069882 2764381 289628753 768060331 190994021 227831459 610913942 81893002 85631592 
45516330 124634906 275721674 161803571 961925465 385555549 485394159 670613878 399893365 476406501 
416922531 819490602 320833323 300669369 987989043 252639753 517713673 251027688 272163346 129046545 
726348292 475529216 851532373 576700421 260754932 814578840 660389942 964970476 466631187 335282375 
606539666 848368528 330058114 758534570 52104554 507859712 273128900 892671457 39236710 15192335 
178776385 329133074 777280334 42586578 233456068 587141477 472953743 122093862 294028030 487675911 
233341372 797307176 999276801 787918248 607429129 3418299 183585478 897348092 19499217 856506885 
699481255 559471933 948113170 785619186 657433317 57390760 701954285 664111536 442936355 16816892 
719180838 652885809 741010409 806114046 464588969 9947052 157887779 460077559 144958723 349959453 
30411422 791262260 948140261 16723391 873550738 213333381 584490918 95211674 605563412 120674239 
236888765 421428720 559348127 127828283 370547786 788689870 385623956 422517588 435347854 783669890 
701665207 494819564 312704367 924867870 41830062 684723432 286309109 250841081 69378692 106107055 
610156496 22080813 279383853 610286256 673756879 135075100 921640184 683271385 986122858 535341284 
824207135 751567648 462106425 752284910 216052796 569264638 822083195 138126693 556851920 497050863 
925442192 482660022 816487358 231554291 365365119 782875669 868357326 352964368 512948593 200035832 
184935212 248746702 863939380 613902490 425516518 3778232 351824569 184611449 105484402 371017955 
405199255 470311640 673758501 225184096 86685573 257384510 376401853 728192200 492813540 799108853 
602808280 534722744 161088819 988032908 17818490 890106960 812222872 715599190 102150539 735628983 
878160734 607927529 627225687 916883 438718065 285108895 95038476 346397585 387089380 512981272 
71360832 134393571 118801516 657158070 525444968 808599485 186432226 29276448 136507234 59749590 
257302213 978473408 492104172 252410863 962993845 842171973 220281386 375417924 51417336 674775585 
530331685 73203995 578744314 688123404 687096646 86068798 477368518 658595455 598779103 771014776 
647475598 4950073 854885026 294233114 867254825 242319551 213606696 10678648 226621583 623786196 
203077227 408348014 453225310 493784837 730008652 977621972 246168664 198253600 654258959 350507534 
17844449 75287479 108135386 364354430 422094471 191019682 265958202 690930191 512268660 746562938 
563065757 652289196 463987449 8232221 881108953 634582471 706513422 56704305 109405603 950981075 
209252300 986011803 745998361 302835146 881306095 773269509 211456569 279750056 831352155 819952221 
13214055 867799790 109676692 16388438 548974572 923243296 678817348 477740009 875915121 391468615 
612650937 98164942 224887688 49349486 778159972 407494917 185713699 402436394 376869724 99234895 
47214619 212178956 673374169 597971380 324560811 661429549 805446073 560684542 515557106 560076458 
707330302 712829501 748755060 369155108 409424718 765510209 881825690 527244607 8693362 224938787 
270828333 448153636 310762199 946827709 358121439 336855040 921095696 698034477 414943938 455648131 
81728850 274463062 398195663 61315425 547342326 552213855 182327393 865462486 26434043 210416178 
537081271 461671450 547292802 566883582 480602998 54448367 241355344 348131766 672650788 638070557 
829877839 793641360 36577197 510661864 749609485 694221190 125883362 647578015 760620604 690776280 
530706166 41310739 561383216 728827784 996656127 933513495 370075492 330855644 26071930 833152517 
29396980 613803488 781494728 238365496 487607589 535225314 586526123 291765395 614270170 252910325 
24135370 33127929 728442141 860633198 927055410 765721043 387796123 500029801 302181074 356308877 
701546279 807209285 31761405 17146393 945561654 71946276 66372588 22074473 143703394 26412907 
878164538 19572729 393832680 51490888 143568486 680745285 127657001 234045480 833827413 281013836 
926308909 431615805 649659597 174063379 48767002 713132287 380593147 863073315 368263618 987116199 
50130926 522012425 611665940 932000692 27532569 704022741 900749221 671482986 662812373 909736091 
407177520 47227469 445346269 269199862 604933651 267301035 202444496 968833920 677485262 890196753 
