25 25
174 83 447 408 175 162 163 437 456 63 26 376 468 462 205 558 391 514 128 325 317 359 451 373 73
129 314 512 296 39 323 614 457 409 233 351 293 538 473 390 313 275 526 617 383 507 197 142 198 463
524 120 426 244 13 625 34 278 311 122 77 553 133 607 502 85 464 42 368 401 496 93 332 88 366
546 18 167 590 172 57 114 529 563 588 402 91 400 273 340 567 184 535 55 5 242 54 236 350 486
17 58 439 248 154 291 135 448 331 423 10 427 11 503 101 115 14 454 176 552 134 434 2 624 82
267 195 94 324 620 47 276 56 458 576 137 210 484 96 378 596 241 199 62 68 90 188 284 411 19
578 598 249 221 74 268 61 361 89 399 211 375 556 269 557 461 343 386 475 257 418 490 384 106 36
592 559 603 1 608 528 99 65 611 494 247 575 541 577 3 481 259 234 574 460 407 536 70 25 189
501 565 191 504 341 443 393 470 349 290 282 97 261 600 59 81 344 483 130 230 506 109 240 342 561
265 187 497 471 403 441 455 159 346 92 227 192 64 105 307 146 527 200 602 520 445 545 138 320 260
397 329 286 358 605 111 160 532 465 169 432 492 23 365 9 78 362 206 312 509 621 540 136 252 108
479 46 422 223 216 161 510 586 517 21 72 116 591 152 498 113 272 415 66 482 84 322 480 297 250
618 424 238 555 171 476 131 60 107 44 511 165 615 194 151 568 123 35 231 505 327 593 243 609 288
149 190 429 534 477 144 181 354 337 170 493 285 153 548 305 356 395 196 430 431 321 316 416 271 425
201 235 287 38 124 214 118 158 145 203 442 212 253 27 304 229 488 521 579 213 183 256 75 601 298
623 428 522 420 43 413 542 580 166 485 396 382 155 406 168 258 289 515 583 209 572 100 49 29 523
95 392 20 164 371 4 330 326 127 360 306 353 141 182 539 518 193 119 348 370 339 157 51 48 104
587 110 178 336 459 513 22 218 33 98 207 466 6 281 8 308 619 377 76 315 254 219 37 125 24
410 117 438 417 255 67 270 613 594 585 303 318 266 599 436 560 355 225 582 180 40 414 531 53 435
140 450 280 300 186 226 499 80 412 45 537 364 302 28 263 467 334 228 562 41 132 139 264 604 419
547 379 554 333 309 345 185 549 472 16 220 202 543 452 279 277 381 352 179 147 551 357 79 500 208
363 295 217 245 237 148 30 71 530 274 374 573 143 372 491 508 474 581 550 335 571 394 301 388 584
449 338 616 389 50 102 564 103 246 7 606 232 294 495 612 533 569 595 292 446 52 328 444 404 519
87 224 622 469 440 283 215 173 156 204 12 347 310 453 398 387 570 610 177 478 589 487 150 597 421
385 367 566 222 126 112 15 405 32 262 516 251 31 369 489 319 380 86 433 121 299 239 69 544 525
